<?xml version="1.0" encoding="utf-8"?>
<COLLADA xmlns="http://www.collada.org/2005/11/COLLADASchema" version="1.4.1">
  <asset><contributor><author>Mixamo</author><authoring_tool>COLLADA Mixamo exporter</authoring_tool><comments></comments></contributor><created>2018-10-30T16:25:44Z</created><modified>2018-10-30T16:25:44Z</modified><revision></revision><title></title><unit meter="0.010000"/><up_axis>Y_UP</up_axis></asset>
  <library_animations>
    <animation id="Hips-anim" name="Hips"><source id="Hips-Matrix-animation-input"><float_array id="Hips-Matrix-animation-input-array" count="281">

0.000000 0.033333 0.066667 0.100000 0.133333 0.166667 0.200000 0.233333 0.266667 0.300000 0.333333 0.366667 0.400000 0.433333 0.466667 0.500000
0.533333 0.566667 0.600000 0.633333 0.666667 0.700000 0.733333 0.766667 0.800000 0.833333 0.866667 0.900000 0.933333 0.966667 1.000000 1.033333
1.066667 1.100000 1.133333 1.166667 1.200000 1.233333 1.266667 1.300000 1.333333 1.366667 1.400000 1.433333 1.466667 1.500000 1.533333 1.566667
1.600000 1.633333 1.666667 1.700000 1.733333 1.766667 1.800000 1.833333 1.866667 1.900000 1.933333 1.966667 2.000000 2.033333 2.066667 2.100000
2.133333 2.166667 2.200000 2.233333 2.266667 2.300000 2.333333 2.366667 2.400000 2.433333 2.466667 2.500000 2.533333 2.566667 2.600000 2.633333
2.666667 2.700000 2.733333 2.766667 2.800000 2.833333 2.866667 2.900000 2.933333 2.966667 3.000000 3.033333 3.066667 3.100000 3.133333 3.166667
3.200000 3.233333 3.266667 3.300000 3.333333 3.366667 3.400000 3.433333 3.466667 3.500000 3.533333 3.566667 3.600000 3.633333 3.666667 3.700000
3.733333 3.766667 3.800000 3.833333 3.866667 3.900000 3.933333 3.966667 4.000000 4.033333 4.066667 4.100000 4.133333 4.166667 4.200000 4.233333
4.266667 4.300000 4.333333 4.366667 4.400000 4.433333 4.466667 4.500000 4.533333 4.566667 4.600000 4.633333 4.666667 4.700000 4.733333 4.766667
4.800000 4.833333 4.866667 4.900000 4.933333 4.966667 5.000000 5.033333 5.066667 5.100000 5.133333 5.166667 5.200000 5.233333 5.266667 5.300000
5.333333 5.366667 5.400000 5.433333 5.466667 5.500000 5.533333 5.566667 5.600000 5.633333 5.666667 5.700000 5.733333 5.766667 5.800000 5.833333
5.866667 5.900000 5.933333 5.966667 6.000000 6.033333 6.066667 6.100000 6.133333 6.166667 6.200000 6.233333 6.266667 6.300000 6.333333 6.366667
6.400000 6.433333 6.466667 6.500000 6.533333 6.566667 6.600000 6.633333 6.666667 6.700000 6.733333 6.766667 6.800000 6.833333 6.866667 6.900000
6.933333 6.966667 7.000000 7.033333 7.066667 7.100000 7.133333 7.166667 7.200000 7.233333 7.266667 7.300000 7.333333 7.366667 7.400000 7.433333
7.466667 7.500000 7.533333 7.566667 7.600000 7.633333 7.666667 7.700000 7.733333 7.766667 7.800000 7.833333 7.866667 7.900000 7.933333 7.966667
8.000000 8.033333 8.066667 8.100000 8.133333 8.166667 8.200000 8.233333 8.266667 8.300000 8.333333 8.366667 8.400000 8.433333 8.466667 8.500000
8.533333 8.566667 8.600000 8.633333 8.666667 8.700000 8.733333 8.766667 8.800000 8.833333 8.866667 8.900000 8.933333 8.966667 9.000000 9.033333
9.066667 9.100000 9.133333 9.166667 9.200000 9.233333 9.266667 9.300000 9.333333</float_array><technique_common><accessor source="#Hips-Matrix-animation-input-array" count="281"><param name="TIME" type="float"/></accessor></technique_common></source><source id="Hips-Matrix-animation-output-transform"><float_array id="Hips-Matrix-animation-output-transform-array" count="4496">

0.992515 0.017436 -0.120875 -0.043565 -0.028704 0.995334 -0.092116 74.658501 0.118705 0.094896 0.988385 1.113856 0.000000 0.000000 0.000000 1.000000
0.992103 0.018521 -0.124050 -0.047393 -0.029880 0.995463 -0.090340 74.659561 0.121814 0.093333 0.988155 0.922675 0.000000 0.000000 0.000000 1.000000
0.991654 0.019860 -0.127387 -0.059964 -0.030975 0.995824 -0.085880 74.658913 0.125150 0.089109 0.988128 0.711516 0.000000 0.000000 0.000000 1.000000
0.991190 0.021404 -0.130704 -0.080497 -0.031995 0.996323 -0.079480 74.655884 0.128522 0.082962 0.988230 0.484168 0.000000 0.000000 0.000000 1.000000
0.990747 0.023099 -0.133740 -0.108162 -0.032942 0.996870 -0.071865 74.649918 0.131662 0.075605 0.988407 0.244406 0.000000 0.000000 0.000000 1.000000
0.990422 0.024895 -0.135814 -0.141706 -0.033817 0.997390 -0.063788 74.640335 0.133871 0.067770 0.988679 -0.003828 0.000000 0.000000 0.000000 1.000000
0.990386 0.026739 -0.135725 -0.179387 -0.034618 0.997829 -0.056026 74.626617 0.133933 0.060186 0.989161 -0.256428 0.000000 0.000000 0.000000 1.000000
0.990919 0.028581 -0.131390 -0.218634 -0.035338 0.998154 -0.049389 74.608215 0.129736 0.053584 0.990100 -0.509055 0.000000 0.000000 0.000000 1.000000
0.991671 0.030159 -0.125213 -0.261967 -0.035991 0.998357 -0.044579 74.584969 0.123663 0.048714 0.991128 -0.758511 0.000000 0.000000 0.000000 1.000000
0.992431 0.031171 -0.118782 -0.311472 -0.036563 0.998384 -0.043496 74.556213 0.117234 0.047510 0.991967 -0.996565 0.000000 0.000000 0.000000 1.000000
0.993125 0.031958 -0.112610 -0.365311 -0.037091 0.998352 -0.043782 74.524292 0.111025 0.047658 0.992674 -1.231645 0.000000 0.000000 0.000000 1.000000
0.993677 0.032568 -0.107453 -0.423101 -0.037596 0.998275 -0.045102 74.489532 0.105799 0.048857 0.993187 -1.464085 0.000000 0.000000 0.000000 1.000000
0.994032 0.033020 -0.103976 -0.484654 -0.038090 0.998161 -0.047160 74.452736 0.102227 0.050839 0.993461 -1.694163 0.000000 0.000000 0.000000 1.000000
0.994206 0.033269 -0.102213 -0.549449 -0.038566 0.997990 -0.050291 74.414291 0.100334 0.053942 0.993490 -1.919656 0.000000 0.000000 0.000000 1.000000
0.994320 0.033468 -0.101038 -0.615075 -0.039012 0.997810 -0.053407 74.376472 0.099029 0.057045 0.993448 -2.143858 0.000000 0.000000 0.000000 1.000000
0.994431 0.033604 -0.099888 -0.680311 -0.039427 0.997601 -0.056907 74.339256 0.097736 0.060528 0.993370 -2.364165 0.000000 0.000000 0.000000 1.000000
0.994542 0.033583 -0.098780 -0.744637 -0.039824 0.997287 -0.061905 74.301224 0.096433 0.065501 0.993182 -2.575289 0.000000 0.000000 0.000000 1.000000
0.994647 0.033596 -0.097719 -0.806483 -0.040221 0.996966 -0.066634 74.264847 0.095184 0.070208 0.992981 -2.783216 0.000000 0.000000 0.000000 1.000000
0.994744 0.033613 -0.096722 -0.864182 -0.040631 0.996610 -0.071532 74.229263 0.093990 0.075086 0.992738 -2.985261 0.000000 0.000000 0.000000 1.000000
0.994834 0.033603 -0.095797 -0.916972 -0.041045 0.996201 -0.076802 74.195107 0.092853 0.080337 0.992434 -3.179747 0.000000 0.000000 0.000000 1.000000
0.994916 0.033548 -0.094959 -0.965327 -0.041473 0.995707 -0.082755 74.168510 0.091775 0.086272 0.992036 -3.364680 0.000000 0.000000 0.000000 1.000000
0.994989 0.033466 -0.094214 -1.010026 -0.041910 0.995139 -0.089115 74.172920 0.090773 0.092617 0.991556 -3.540855 0.000000 0.000000 0.000000 1.000000
0.995050 0.033442 -0.093575 -1.050503 -0.042369 0.994565 -0.095105 74.191879 0.089886 0.098599 0.991059 -3.709872 0.000000 0.000000 0.000000 1.000000
0.995098 0.033456 -0.093061 -1.086812 -0.042881 0.993942 -0.101197 74.219414 0.089111 0.104691 0.990504 -3.868834 0.000000 0.000000 0.000000 1.000000
0.995131 0.033533 -0.092682 -1.119122 -0.043445 0.993299 -0.107093 74.255424 0.088470 0.110598 0.989920 -4.017987 0.000000 0.000000 0.000000 1.000000
0.995146 0.033711 -0.092453 -1.147410 -0.044078 0.992674 -0.112494 74.299294 0.087984 0.116023 0.989342 -4.157355 0.000000 0.000000 0.000000 1.000000
0.995097 0.033841 -0.092932 -1.173037 -0.044722 0.992050 -0.117627 74.349754 0.088213 0.121206 0.988700 -4.285199 0.000000 0.000000 0.000000 1.000000
0.995037 0.033995 -0.093517 -1.195152 -0.045333 0.991505 -0.121917 74.406158 0.088578 0.125551 0.988125 -4.402549 0.000000 0.000000 0.000000 1.000000
0.994908 0.034473 -0.094705 -1.204103 -0.046198 0.991136 -0.124557 74.469864 0.089572 0.128298 0.987682 -4.511492 0.000000 0.000000 0.000000 1.000000
0.994657 0.035138 -0.097076 -1.201631 -0.047352 0.990832 -0.126532 74.539429 0.091740 0.130452 0.987201 -4.607410 0.000000 0.000000 0.000000 1.000000
0.994312 0.035935 -0.100261 -1.197212 -0.048614 0.990707 -0.127028 74.616692 0.094764 0.131179 0.986819 -4.692644 0.000000 0.000000 0.000000 1.000000
0.993904 0.036799 -0.103925 -1.190784 -0.049949 0.990655 -0.126915 74.699211 0.098284 0.131333 0.986454 -4.762863 0.000000 0.000000 0.000000 1.000000
0.993485 0.037541 -0.107599 -1.182195 -0.051122 0.990663 -0.126384 74.785690 0.101850 0.131061 0.986129 -4.816402 0.000000 0.000000 0.000000 1.000000
0.993074 0.038294 -0.111078 -1.173117 -0.052162 0.990815 -0.124760 74.876854 0.105280 0.129690 0.985950 -4.854830 0.000000 0.000000 0.000000 1.000000
0.992598 0.039108 -0.114981 -1.165839 -0.053187 0.991098 -0.122051 74.971680 0.109185 0.127263 0.985841 -4.875251 0.000000 0.000000 0.000000 1.000000
0.992094 0.039794 -0.119019 -1.160106 -0.054031 0.991436 -0.118889 75.067520 0.113269 0.124380 0.985748 -4.845417 0.000000 0.000000 0.000000 1.000000
0.991611 0.040510 -0.122742 -1.154434 -0.054815 0.991793 -0.115506 75.163666 0.117056 0.121265 0.985694 -4.737789 0.000000 0.000000 0.000000 1.000000
0.991083 0.041453 -0.126636 -1.147807 -0.055824 0.992124 -0.112132 75.258141 0.120990 0.118202 0.985591 -4.564111 0.000000 0.000000 0.000000 1.000000
0.990506 0.042838 -0.130626 -1.138825 -0.057238 0.992441 -0.108559 75.351181 0.124988 0.115005 0.985470 -4.338239 0.000000 0.000000 0.000000 1.000000
0.989941 0.044125 -0.134427 -1.128932 -0.058483 0.992772 -0.104802 75.443008 0.128831 0.111609 0.985366 -4.074723 0.000000 0.000000 0.000000 1.000000
0.989368 0.045084 -0.138267 -1.118822 -0.059313 0.993159 -0.100580 75.533836 0.132787 0.107712 0.985274 -3.788399 0.000000 0.000000 0.000000 1.000000
0.988792 0.045757 -0.142113 -1.107819 -0.059795 0.993571 -0.096132 75.623375 0.136800 0.103552 0.985171 -3.491997 0.000000 0.000000 0.000000 1.000000
0.988179 0.046192 -0.146182 -1.095394 -0.060018 0.993982 -0.091633 75.710846 0.141069 0.099324 0.985005 -3.197960 0.000000 0.000000 0.000000 1.000000
0.987567 0.046345 -0.150212 -1.080975 -0.059882 0.994417 -0.086886 75.796021 0.145346 0.094801 0.984829 -2.919484 0.000000 0.000000 0.000000 1.000000
0.987206 0.046054 -0.152652 -1.063164 -0.059098 0.994875 -0.082042 75.877625 0.148091 0.090014 0.984869 -2.649905 0.000000 0.000000 0.000000 1.000000
0.987015 0.045227 -0.154127 -1.043116 -0.057646 0.995357 -0.077079 75.958710 0.149925 0.084962 0.985040 -2.267474 0.000000 0.000000 0.000000 1.000000
0.986961 0.044507 -0.154683 -1.018714 -0.056186 0.995823 -0.071967 76.045235 0.150834 0.079720 0.985339 -1.915117 0.000000 0.000000 0.000000 1.000000
0.987158 0.043656 -0.153663 -0.988876 -0.054440 0.996288 -0.066684 76.131927 0.150181 0.074193 0.985871 -1.533724 0.000000 0.000000 0.000000 1.000000
0.987666 0.042846 -0.150598 -0.951309 -0.052572 0.996740 -0.061201 76.214981 0.147485 0.068363 0.986699 -1.157151 0.000000 0.000000 0.000000 1.000000
0.988346 0.041646 -0.146418 -0.907435 -0.050218 0.997204 -0.055342 76.290146 0.143704 0.062050 0.987673 -0.811686 0.000000 0.000000 0.000000 1.000000
0.988999 0.040160 -0.142363 -0.856761 -0.047727 0.997601 -0.050138 76.351334 0.140008 0.056381 0.988544 -0.499420 0.000000 0.000000 0.000000 1.000000
0.989565 0.038957 -0.138718 -0.732155 -0.045628 0.997934 -0.045240 76.386871 0.136669 0.051097 0.989298 -0.220026 0.000000 0.000000 0.000000 1.000000
0.990168 0.038120 -0.134591 -0.582228 -0.043902 0.998224 -0.040256 76.390289 0.132817 0.045769 0.990083 0.059204 0.000000 0.000000 0.000000 1.000000
0.990785 0.037899 -0.130036 -0.408760 -0.042890 0.998438 -0.035796 76.361084 0.128477 0.041044 0.990863 0.332310 0.000000 0.000000 0.000000 1.000000
0.991357 0.038034 -0.125560 -0.218185 -0.042358 0.998592 -0.031946 76.315941 0.124169 0.036988 0.991571 0.543054 0.000000 0.000000 0.000000 1.000000
0.991884 0.038241 -0.121260 -0.014868 -0.042019 0.998703 -0.028752 76.259018 0.120004 0.033614 0.992204 0.745303 0.000000 0.000000 0.000000 1.000000
0.992321 0.038389 -0.117580 0.197386 -0.041802 0.998769 -0.026698 76.192184 0.116411 0.031408 0.992704 0.941243 0.000000 0.000000 0.000000 1.000000
0.992712 0.038459 -0.114210 0.416149 -0.041637 0.998806 -0.025571 76.111008 0.113090 0.030140 0.993127 1.123781 0.000000 0.000000 0.000000 1.000000
0.993096 0.038445 -0.110828 0.638952 -0.041447 0.998830 -0.024916 76.011818 0.109741 0.029337 0.993527 1.285069 0.000000 0.000000 0.000000 1.000000
0.993447 0.038357 -0.107667 0.862758 -0.041233 0.998846 -0.024619 75.902344 0.106598 0.028897 0.993882 1.420099 0.000000 0.000000 0.000000 1.000000
0.993765 0.038289 -0.104717 1.085131 -0.041059 0.998858 -0.024424 75.790359 0.103662 0.028571 0.994202 1.534209 0.000000 0.000000 0.000000 1.000000
0.994082 0.038261 -0.101672 1.303689 -0.040927 0.998868 -0.024263 75.683243 0.100628 0.028280 0.994522 1.631051 0.000000 0.000000 0.000000 1.000000
0.994398 0.038468 -0.098454 1.516533 -0.041056 0.998859 -0.024399 75.587936 0.097403 0.028304 0.994842 1.714468 0.000000 0.000000 0.000000 1.000000
0.994704 0.039007 -0.095092 1.721411 -0.041570 0.998820 -0.025128 75.500664 0.093999 0.028948 0.995151 1.788415 0.000000 0.000000 0.000000 1.000000
0.994983 0.039745 -0.091807 1.914998 -0.042321 0.998758 -0.026282 75.412292 0.090649 0.030035 0.995430 1.854948 0.000000 0.000000 0.000000 1.000000
0.995264 0.040567 -0.088338 2.094418 -0.043144 0.998691 -0.027464 75.323700 0.087109 0.031145 0.995712 1.915232 0.000000 0.000000 0.000000 1.000000
0.995519 0.041645 -0.084897 2.257483 -0.044253 0.998597 -0.029070 75.234756 0.083567 0.032696 0.995966 1.973585 0.000000 0.000000 0.000000 1.000000
0.995717 0.042920 -0.081882 2.400904 -0.045599 0.998474 -0.031137 75.145782 0.080421 0.034737 0.996156 1.994200 0.000000 0.000000 0.000000 1.000000
0.995859 0.044352 -0.079363 2.521813 -0.047136 0.998325 -0.033555 75.057182 0.077741 0.037156 0.996281 1.968638 0.000000 0.000000 0.000000 1.000000
0.995982 0.045846 -0.076930 2.617556 -0.048777 0.998137 -0.036663 74.968781 0.075106 0.040269 0.996362 1.874513 0.000000 0.000000 0.000000 1.000000
0.996119 0.047205 -0.074283 2.688758 -0.050311 0.997912 -0.040501 74.880508 0.072216 0.044081 0.996414 1.729082 0.000000 0.000000 0.000000 1.000000
0.996272 0.048264 -0.071505 2.755827 -0.051551 0.997662 -0.044865 74.792816 0.069173 0.048384 0.996431 1.562648 0.000000 0.000000 0.000000 1.000000
0.996454 0.048841 -0.068517 2.821041 -0.052330 0.997374 -0.050074 74.705780 0.065891 0.053482 0.996392 1.379836 0.000000 0.000000 0.000000 1.000000
0.996680 0.049003 -0.065016 2.884086 -0.052624 0.997088 -0.055195 74.620895 0.062122 0.058433 0.996357 1.180455 0.000000 0.000000 0.000000 1.000000
0.996898 0.048869 -0.061702 2.943907 -0.052630 0.996757 -0.060870 74.537834 0.058527 0.063929 0.996237 0.970426 0.000000 0.000000 0.000000 1.000000
0.997147 0.048502 -0.057845 3.000582 -0.052350 0.996381 -0.066962 74.457207 0.054388 0.069799 0.996077 0.752637 0.000000 0.000000 0.000000 1.000000
0.997348 0.048013 -0.054701 3.052482 -0.051928 0.996012 -0.072551 74.380585 0.050999 0.075199 0.995864 0.526938 0.000000 0.000000 0.000000 1.000000
0.997487 0.047346 -0.052712 3.098109 -0.051375 0.995636 -0.077902 74.308006 0.048793 0.080414 0.995567 0.297743 0.000000 0.000000 0.000000 1.000000
0.997606 0.046442 -0.051246 3.136967 -0.050591 0.995274 -0.082891 74.240082 0.047155 0.085285 0.995240 0.067971 0.000000 0.000000 0.000000 1.000000
0.997704 0.045517 -0.050150 3.169211 -0.049778 0.994940 -0.087277 74.177467 0.045924 0.089573 0.994921 -0.159877 0.000000 0.000000 0.000000 1.000000
0.997782 0.044255 -0.049730 3.192444 -0.048672 0.994622 -0.091427 74.120171 0.045417 0.093645 0.994569 -0.381050 0.000000 0.000000 0.000000 1.000000
0.997826 0.042955 -0.049984 3.206972 -0.047552 0.994365 -0.094746 74.069336 0.045632 0.096917 0.994246 -0.594431 0.000000 0.000000 0.000000 1.000000
0.997926 0.038943 -0.051248 3.201112 -0.043796 0.994295 -0.097263 74.025818 0.047168 0.099306 0.993938 -0.796030 0.000000 0.000000 0.000000 1.000000
0.998150 0.030304 -0.052704 3.167279 -0.035454 0.994386 -0.099693 73.989403 0.049387 0.101377 0.993622 -0.982088 0.000000 0.000000 0.000000 1.000000
0.998311 0.020561 -0.054344 3.118481 -0.026035 0.994441 -0.102026 73.959312 0.051944 0.103269 0.993296 -1.147743 0.000000 0.000000 0.000000 1.000000
0.998302 0.015323 -0.056196 3.075844 -0.021131 0.994326 -0.104257 73.935501 0.054280 0.105267 0.992961 -1.289192 0.000000 0.000000 0.000000 1.000000
0.998231 0.012156 -0.058205 3.028987 -0.018309 0.994156 -0.106385 73.918770 0.056572 0.107263 0.992620 -1.402697 0.000000 0.000000 0.000000 1.000000
0.998120 0.010763 -0.060339 2.968221 -0.017272 0.993956 -0.108411 73.945824 0.058808 0.109249 0.992273 -1.484921 0.000000 0.000000 0.000000 1.000000
0.997992 0.009950 -0.062547 2.847348 -0.016823 0.993752 -0.110334 73.995117 0.061058 0.111165 0.991925 -1.518827 0.000000 0.000000 0.000000 1.000000
0.997852 0.009690 -0.064786 2.669733 -0.016930 0.993547 -0.112153 74.060951 0.063281 0.113009 0.991577 -1.449915 0.000000 0.000000 0.000000 1.000000
0.997705 0.009628 -0.067024 2.445473 -0.017235 0.993347 -0.113866 74.150764 0.065482 0.114760 0.991233 -1.312412 0.000000 0.000000 0.000000 1.000000
0.997535 0.009929 -0.069459 2.186452 -0.017926 0.993149 -0.115472 74.268387 0.067837 0.116433 0.990879 -1.146311 0.000000 0.000000 0.000000 1.000000
0.997383 0.010671 -0.071501 1.905154 -0.019009 0.992953 -0.116970 74.392334 0.069749 0.118023 0.990558 -0.967208 0.000000 0.000000 0.000000 1.000000
0.997245 0.011479 -0.073281 1.612094 -0.020124 0.992767 -0.118358 74.517105 0.071392 0.119507 0.990263 -0.774443 0.000000 0.000000 0.000000 1.000000
0.997128 0.012327 -0.074728 1.319322 -0.021236 0.992591 -0.119635 74.641594 0.072700 0.120878 0.990002 -0.568609 0.000000 0.000000 0.000000 1.000000
0.997030 0.013526 -0.075814 1.039684 -0.022648 0.992419 -0.120798 74.758041 0.073605 0.122156 0.989778 -0.352893 0.000000 0.000000 0.000000 1.000000
0.996952 0.015151 -0.076530 0.785104 -0.024433 0.992248 -0.121846 74.860771 0.074090 0.123344 0.989594 -0.128003 0.000000 0.000000 0.000000 1.000000
0.996888 0.016944 -0.076990 0.565818 -0.026314 0.992135 -0.122373 74.964417 0.074311 0.124018 0.989494 0.104701 0.000000 0.000000 0.000000 1.000000
0.996837 0.019079 -0.077154 0.394062 -0.028451 0.992089 -0.122267 75.067085 0.074210 0.124075 0.989494 0.344358 0.000000 0.000000 0.000000 1.000000
0.996794 0.021039 -0.077190 0.271511 -0.030392 0.992057 -0.122066 75.166862 0.074009 0.124021 0.989516 0.590768 0.000000 0.000000 0.000000 1.000000
0.996783 0.022708 -0.076869 0.160102 -0.031969 0.992079 -0.121482 75.257462 0.073501 0.123549 0.989613 0.842075 0.000000 0.000000 0.000000 1.000000
0.996824 0.023903 -0.075959 0.053002 -0.032949 0.992208 -0.120161 75.343689 0.072495 0.122282 0.989844 1.094203 0.000000 0.000000 0.000000 1.000000
0.996884 0.024842 -0.074862 -0.048432 -0.033629 0.992384 -0.118506 75.420113 0.071348 0.120655 0.990127 1.349117 0.000000 0.000000 0.000000 1.000000
0.996957 0.025586 -0.073629 -0.143425 -0.034087 0.992590 -0.116633 75.499596 0.070099 0.118788 0.990442 1.605712 0.000000 0.000000 0.000000 1.000000
0.997044 0.026114 -0.072259 -0.231106 -0.034305 0.992825 -0.114553 75.569122 0.068749 0.116693 0.990786 1.863894 0.000000 0.000000 0.000000 1.000000
0.997144 0.026403 -0.070760 -0.311168 -0.034263 0.993086 -0.112274 75.648369 0.067307 0.114378 0.991155 2.121759 0.000000 0.000000 0.000000 1.000000
0.997259 0.026394 -0.069126 -0.383317 -0.033902 0.993374 -0.109810 75.722305 0.065769 0.111852 0.991546 2.376925 0.000000 0.000000 0.000000 1.000000
0.997388 0.026075 -0.067356 -0.447197 -0.033216 0.993685 -0.107176 75.811928 0.064136 0.109134 0.991956 2.627658 0.000000 0.000000 0.000000 1.000000
0.997530 0.025525 -0.065438 -0.500456 -0.032285 0.994009 -0.104422 75.901405 0.062380 0.106277 0.992378 2.874810 0.000000 0.000000 0.000000 1.000000
0.997677 0.024839 -0.063424 -0.540551 -0.031215 0.994336 -0.101599 75.976906 0.060541 0.103343 0.992802 3.116650 0.000000 0.000000 0.000000 1.000000
0.997823 0.024112 -0.061382 -0.565112 -0.030111 0.994655 -0.098761 76.048531 0.058672 0.100395 0.993216 3.353096 0.000000 0.000000 0.000000 1.000000
0.997962 0.023434 -0.059349 -0.571348 -0.029070 0.994960 -0.095962 76.110336 0.056802 0.097492 0.993614 3.584734 0.000000 0.000000 0.000000 1.000000
0.998090 0.023047 -0.057308 -0.555524 -0.028336 0.995239 -0.093255 76.149368 0.054886 0.094700 0.993992 3.810914 0.000000 0.000000 0.000000 1.000000
0.998202 0.023170 -0.055277 -0.514027 -0.028129 0.995482 -0.090693 76.148773 0.052926 0.092085 0.994344 4.031191 0.000000 0.000000 0.000000 1.000000
0.998306 0.023635 -0.053174 -0.447974 -0.028278 0.995690 -0.088333 76.135162 0.050857 0.089687 0.994671 4.242713 0.000000 0.000000 0.000000 1.000000
0.998402 0.024115 -0.051114 -0.359493 -0.028466 0.995873 -0.086177 76.110931 0.048825 0.087494 0.994968 4.436736 0.000000 0.000000 0.000000 1.000000
0.998486 0.024672 -0.049159 -0.247049 -0.028759 0.996031 -0.084231 76.062920 0.046886 0.085517 0.995233 4.613958 0.000000 0.000000 0.000000 1.000000
0.998554 0.025309 -0.047435 -0.106498 -0.029170 0.996159 -0.082556 75.977150 0.045164 0.083820 0.995457 4.681462 0.000000 0.000000 0.000000 1.000000
0.998602 0.025933 -0.046051 0.078393 -0.029617 0.996257 -0.081213 75.835518 0.043772 0.082464 0.995632 4.699026 0.000000 0.000000 0.000000 1.000000
0.998636 0.026532 -0.044974 0.305804 -0.030085 0.996319 -0.080265 75.644760 0.042679 0.081509 0.995758 4.655505 0.000000 0.000000 0.000000 1.000000
0.998654 0.027129 -0.044198 0.570487 -0.030596 0.996343 -0.079774 75.435112 0.041873 0.081019 0.995833 4.559590 0.000000 0.000000 0.000000 1.000000
0.998654 0.027781 -0.043796 0.867424 -0.031216 0.996323 -0.079790 75.234360 0.041418 0.081050 0.995849 4.433239 0.000000 0.000000 0.000000 1.000000
0.998636 0.028533 -0.043729 1.192087 -0.031984 0.996252 -0.080373 75.049721 0.041271 0.081662 0.995805 4.284876 0.000000 0.000000 0.000000 1.000000
0.998601 0.029390 -0.043949 1.540018 -0.032903 0.996132 -0.081473 74.880768 0.041385 0.082805 0.995706 4.133693 0.000000 0.000000 0.000000 1.000000
0.998557 0.030337 -0.044323 1.906721 -0.033944 0.995969 -0.083023 74.726875 0.041626 0.084408 0.995561 3.966332 0.000000 0.000000 0.000000 1.000000
0.998505 0.031344 -0.044773 2.287653 -0.035068 0.995767 -0.084957 74.587410 0.041921 0.086400 0.995378 3.818871 0.000000 0.000000 0.000000 1.000000
0.998450 0.032384 -0.045275 2.678195 -0.036243 0.995531 -0.087206 74.461800 0.042249 0.088712 0.995161 3.662815 0.000000 0.000000 0.000000 1.000000
0.998389 0.033455 -0.045829 3.073832 -0.037468 0.995264 -0.089703 74.349640 0.042611 0.091276 0.994914 3.492868 0.000000 0.000000 0.000000 1.000000
0.998332 0.034434 -0.046344 3.469654 -0.038608 0.994972 -0.092415 74.250412 0.042929 0.094051 0.994641 3.289339 0.000000 0.000000 0.000000 1.000000
0.998285 0.035287 -0.046711 3.861181 -0.039619 0.994659 -0.095312 74.163445 0.043098 0.096999 0.994351 3.091724 0.000000 0.000000 0.000000 1.000000
0.998253 0.035951 -0.046886 4.243725 -0.040428 0.994333 -0.098328 74.088394 0.043085 0.100051 0.994049 2.890047 0.000000 0.000000 0.000000 1.000000
0.998233 0.036517 -0.046874 4.613174 -0.041123 0.993996 -0.101397 74.024673 0.042890 0.103145 0.993741 2.677323 0.000000 0.000000 0.000000 1.000000
0.998222 0.037072 -0.046681 4.965467 -0.041787 0.993651 -0.104456 73.971413 0.042512 0.106221 0.993433 2.478456 0.000000 0.000000 0.000000 1.000000
0.998219 0.037539 -0.046357 5.295760 -0.042344 0.993309 -0.107448 73.927834 0.042014 0.109220 0.993129 2.285882 0.000000 0.000000 0.000000 1.000000
0.998218 0.037921 -0.046078 5.599401 -0.042815 0.992970 -0.110348 73.893654 0.041570 0.112124 0.992824 2.057426 0.000000 0.000000 0.000000 1.000000
0.998210 0.038336 -0.045904 5.872383 -0.043323 0.992639 -0.113093 73.868042 0.041230 0.114880 0.992523 1.837123 0.000000 0.000000 0.000000 1.000000
0.998202 0.038701 -0.045771 6.109985 -0.043775 0.992329 -0.115614 73.850182 0.040946 0.117410 0.992239 1.654435 0.000000 0.000000 0.000000 1.000000
0.998189 0.039022 -0.045774 6.307635 -0.044186 0.992049 -0.117839 73.839798 0.040812 0.119648 0.991977 1.478685 0.000000 0.000000 0.000000 1.000000
0.998172 0.039356 -0.045867 6.461103 -0.044604 0.991809 -0.119689 73.847725 0.040781 0.121517 0.991751 1.304011 0.000000 0.000000 0.000000 1.000000
0.998143 0.039744 -0.046163 6.565988 -0.045084 0.991617 -0.121091 73.885315 0.040964 0.122948 0.991567 1.154816 0.000000 0.000000 0.000000 1.000000
0.998100 0.040166 -0.046722 6.623527 -0.045609 0.991486 -0.121968 73.949486 0.041425 0.123867 0.991434 1.036681 0.000000 0.000000 0.000000 1.000000
0.998034 0.040663 -0.047692 6.666228 -0.046238 0.991415 -0.122305 74.037270 0.042309 0.124269 0.991346 0.955263 0.000000 0.000000 0.000000 1.000000
0.997938 0.041291 -0.049149 6.700345 -0.047034 0.991403 -0.122097 74.143570 0.043684 0.124157 0.991301 0.923237 0.000000 0.000000 0.000000 1.000000
0.997796 0.042084 -0.051303 6.726219 -0.048057 0.991443 -0.121372 74.267082 0.045756 0.123570 0.991280 0.916963 0.000000 0.000000 0.000000 1.000000
0.997589 0.043044 -0.054429 6.744039 -0.049336 0.991535 -0.120100 74.404373 0.048799 0.122496 0.991269 0.918843 0.000000 0.000000 0.000000 1.000000
0.997346 0.044052 -0.057967 6.754269 -0.050686 0.991663 -0.118468 74.551781 0.052265 0.121091 0.991264 0.948916 0.000000 0.000000 0.000000 1.000000
0.997068 0.045081 -0.061830 6.757293 -0.052072 0.991817 -0.116568 74.706070 0.056069 0.119445 0.991256 0.981276 0.000000 0.000000 0.000000 1.000000
0.996758 0.046110 -0.065928 6.753523 -0.053458 0.991992 -0.114430 74.863831 0.060124 0.117584 0.991241 1.032188 0.000000 0.000000 0.000000 1.000000
0.996427 0.047098 -0.070111 6.743344 -0.054781 0.992193 -0.112037 75.021515 0.064287 0.115477 0.991228 1.124189 0.000000 0.000000 0.000000 1.000000
0.996073 0.048044 -0.074371 6.727173 -0.056039 0.992413 -0.109439 75.175873 0.068549 0.113177 0.991207 1.247440 0.000000 0.000000 0.000000 1.000000
0.995712 0.048859 -0.078551 6.705205 -0.057132 0.992640 -0.106775 75.323517 0.072756 0.110805 0.991175 1.374524 0.000000 0.000000 0.000000 1.000000
0.995364 0.049520 -0.082450 6.677944 -0.058014 0.992880 -0.104039 75.462990 0.076711 0.108340 0.991150 1.510094 0.000000 0.000000 0.000000 1.000000
0.995041 0.050015 -0.085981 6.645815 -0.058665 0.993134 -0.101210 75.595306 0.080328 0.105752 0.991143 1.680348 0.000000 0.000000 0.000000 1.000000
0.994746 0.050339 -0.089144 6.609238 -0.059087 0.993393 -0.098384 75.719757 0.083603 0.103134 0.991148 1.821356 0.000000 0.000000 0.000000 1.000000
0.994482 0.050499 -0.091952 6.568647 -0.059298 0.993650 -0.095624 75.835213 0.086539 0.100549 0.991161 1.931412 0.000000 0.000000 0.000000 1.000000
0.994303 0.050164 -0.094048 6.523440 -0.058849 0.994022 -0.091964 75.941940 0.088872 0.096975 0.991311 2.025964 0.000000 0.000000 0.000000 1.000000
0.994168 0.049821 -0.095643 6.475833 -0.058303 0.994410 -0.088036 76.037903 0.090722 0.093098 0.991515 2.108023 0.000000 0.000000 0.000000 1.000000
0.994039 0.049493 -0.097147 6.425930 -0.057673 0.994855 -0.083290 76.122818 0.092525 0.088396 0.991779 2.175821 0.000000 0.000000 0.000000 1.000000
0.994018 0.049357 -0.097428 6.375950 -0.057093 0.995296 -0.078275 76.194839 0.093107 0.083369 0.992160 2.231895 0.000000 0.000000 0.000000 1.000000
0.994065 0.049513 -0.096866 6.326348 -0.056664 0.995756 -0.072522 76.253433 0.092864 0.077581 0.992652 2.274808 0.000000 0.000000 0.000000 1.000000
0.994157 0.049805 -0.095764 6.276625 -0.056268 0.996231 -0.066017 76.297646 0.092115 0.071020 0.993212 2.302755 0.000000 0.000000 0.000000 1.000000
0.994268 0.050183 -0.094406 6.226758 -0.055929 0.996676 -0.059235 76.325928 0.091120 0.064175 0.993770 2.307083 0.000000 0.000000 0.000000 1.000000
0.994386 0.050659 -0.092895 6.177135 -0.055683 0.997077 -0.052316 76.337044 0.089974 0.057195 0.994301 2.290976 0.000000 0.000000 0.000000 1.000000
0.994526 0.051192 -0.091089 6.128132 -0.055528 0.997410 -0.045722 76.329544 0.088513 0.050530 0.994793 2.261191 0.000000 0.000000 0.000000 1.000000
0.994678 0.051697 -0.089119 6.079712 -0.055414 0.997672 -0.039753 76.302238 0.086856 0.044480 0.995227 2.200304 0.000000 0.000000 0.000000 1.000000
0.994814 0.052047 -0.087380 6.031398 -0.055256 0.997868 -0.034721 76.254021 0.085387 0.039370 0.995570 2.101617 0.000000 0.000000 0.000000 1.000000
0.994913 0.052118 -0.086209 5.982857 -0.054954 0.998012 -0.030855 76.169533 0.084430 0.035436 0.995799 2.006025 0.000000 0.000000 0.000000 1.000000
0.994979 0.051935 -0.085557 5.934656 -0.054550 0.998104 -0.028517 76.039589 0.083913 0.033041 0.995925 1.878172 0.000000 0.000000 0.000000 1.000000
0.995030 0.051474 -0.085234 5.887322 -0.054013 0.998154 -0.027752 75.872887 0.083648 0.032218 0.995974 1.734224 0.000000 0.000000 0.000000 1.000000
0.995065 0.050816 -0.085227 5.817454 -0.053425 0.998162 -0.028621 75.678154 0.083616 0.033033 0.995950 1.573859 0.000000 0.000000 0.000000 1.000000
0.995091 0.050078 -0.085356 5.730422 -0.052886 0.998120 -0.030967 75.464127 0.083645 0.035329 0.995869 1.381811 0.000000 0.000000 0.000000 1.000000
0.995073 0.049291 -0.086026 5.605375 -0.052425 0.998027 -0.034552 75.239647 0.084153 0.038892 0.995694 1.159368 0.000000 0.000000 0.000000 1.000000
0.994982 0.048513 -0.087507 5.445371 -0.052094 0.997876 -0.039103 75.013496 0.085425 0.043465 0.995396 0.923709 0.000000 0.000000 0.000000 1.000000
0.994847 0.047703 -0.089465 5.257752 -0.051828 0.997670 -0.044361 74.793922 0.087140 0.048770 0.995002 0.698703 0.000000 0.000000 0.000000 1.000000
0.994702 0.046825 -0.091522 5.048330 -0.051559 0.997415 -0.050054 74.589294 0.088942 0.054507 0.994544 0.493816 0.000000 0.000000 0.000000 1.000000
0.994575 0.045839 -0.093382 4.827685 -0.051209 0.997120 -0.055944 74.407768 0.090549 0.060422 0.994057 0.318431 0.000000 0.000000 0.000000 1.000000
0.994486 0.044761 -0.094842 4.597709 -0.050781 0.996781 -0.062039 74.253906 0.091760 0.066513 0.993557 0.150434 0.000000 0.000000 0.000000 1.000000
0.994440 0.043511 -0.095894 4.359819 -0.050168 0.996414 -0.068134 74.112099 0.092586 0.072566 0.993057 -0.026739 0.000000 0.000000 0.000000 1.000000
0.994424 0.042080 -0.096694 4.115522 -0.049339 0.996041 -0.073950 73.980110 0.093199 0.078308 0.992563 -0.205357 0.000000 0.000000 0.000000 1.000000
0.994427 0.040494 -0.097343 3.866484 -0.048315 0.995672 -0.079385 73.858925 0.093707 0.083646 0.992080 -0.422194 0.000000 0.000000 0.000000 1.000000
0.994462 0.038760 -0.097685 3.614556 -0.047059 0.995342 -0.084140 73.749130 0.093969 0.088271 0.991654 -0.622524 0.000000 0.000000 0.000000 1.000000
0.994519 0.036866 -0.097846 3.361259 -0.045547 0.995077 -0.088021 73.651909 0.094119 0.091995 0.991301 -0.841046 0.000000 0.000000 0.000000 1.000000
0.994621 0.034801 -0.097556 3.108421 -0.043711 0.994915 -0.090741 73.567505 0.093902 0.094517 0.991085 -1.009998 0.000000 0.000000 0.000000 1.000000
0.994819 0.032308 -0.096394 2.857125 -0.041313 0.994814 -0.092937 73.497467 0.092892 0.096438 0.990995 -1.115978 0.000000 0.000000 0.000000 1.000000
0.995076 0.029346 -0.094674 2.608433 -0.038348 0.994766 -0.094712 73.452484 0.091399 0.097876 0.990993 -1.198363 0.000000 0.000000 0.000000 1.000000
0.995356 0.026072 -0.092663 2.365363 -0.035013 0.994745 -0.096213 73.423431 0.089668 0.099011 0.991038 -1.255021 0.000000 0.000000 0.000000 1.000000
0.995641 0.022697 -0.090464 2.131304 -0.031531 0.994741 -0.097450 73.399834 0.087777 0.099878 0.991120 -1.283637 0.000000 0.000000 0.000000 1.000000
0.995910 0.019327 -0.088256 1.907619 -0.028027 0.994749 -0.098432 73.416931 0.085890 0.100503 0.991223 -1.286438 0.000000 0.000000 0.000000 1.000000
0.996153 0.015995 -0.086155 1.695775 -0.024550 0.994768 -0.099169 73.463737 0.084118 0.100903 0.991334 -1.264346 0.000000 0.000000 0.000000 1.000000
0.996377 0.012698 -0.084097 1.497401 -0.021091 0.994797 -0.099672 73.525803 0.082394 0.101085 0.991460 -1.216919 0.000000 0.000000 0.000000 1.000000
0.996596 0.009323 -0.081912 1.313534 -0.017522 0.994837 -0.099957 73.602516 0.080557 0.101052 0.991614 -1.140161 0.000000 0.000000 0.000000 1.000000
0.996795 0.005865 -0.079788 1.145261 -0.013861 0.994888 -0.100030 73.693939 0.078794 0.100815 0.991780 -1.037706 0.000000 0.000000 0.000000 1.000000
0.996974 0.002391 -0.077701 0.994086 -0.010173 0.994943 -0.099920 73.800240 0.077069 0.100409 0.991957 -0.915977 0.000000 0.000000 0.000000 1.000000
0.997085 -0.000909 -0.076291 0.861381 -0.006713 0.995006 -0.099586 73.921234 0.076001 0.099808 0.992100 -0.778533 0.000000 0.000000 0.000000 1.000000
0.997093 -0.003752 -0.076108 0.748717 -0.003815 0.995076 -0.099037 74.071671 0.076104 0.099039 0.992169 -0.628029 0.000000 0.000000 0.000000 1.000000
0.997062 -0.006172 -0.076346 0.662066 -0.001367 0.995155 -0.098310 74.245399 0.076583 0.098126 0.992223 -0.468066 0.000000 0.000000 0.000000 1.000000
0.997010 -0.008335 -0.076817 0.603229 0.000821 0.995252 -0.097332 74.440559 0.077263 0.096978 0.992283 -0.302499 0.000000 0.000000 0.000000 1.000000
0.996941 -0.010218 -0.077482 0.569086 0.002740 0.995376 -0.096015 74.654724 0.078104 0.095509 0.992360 -0.135240 0.000000 0.000000 0.000000 1.000000
0.996859 -0.011833 -0.078314 0.557269 0.004414 0.995540 -0.094232 74.883530 0.079079 0.093591 0.992465 0.029916 0.000000 0.000000 0.000000 1.000000
0.996752 -0.013133 -0.079460 0.565728 0.005785 0.995741 -0.092009 75.122375 0.080330 0.091250 0.992583 0.191318 0.000000 0.000000 0.000000 1.000000
0.996611 -0.014087 -0.081047 0.592601 0.006806 0.995971 -0.089418 75.365776 0.081980 0.088564 0.992691 0.361293 0.000000 0.000000 0.000000 1.000000
0.996456 -0.014658 -0.082833 0.636552 0.007461 0.996221 -0.086537 75.607750 0.083788 0.085612 0.992799 0.563439 0.000000 0.000000 0.000000 1.000000
0.996302 -0.014769 -0.084646 0.696343 0.007686 0.996486 -0.083404 75.842857 0.085580 0.082445 0.992914 0.751565 0.000000 0.000000 0.000000 1.000000
0.996152 -0.014316 -0.086460 0.771111 0.007374 0.996760 -0.080091 76.063675 0.087326 0.079145 0.993031 0.979807 0.000000 0.000000 0.000000 1.000000
0.996006 -0.013270 -0.088291 0.859489 0.006484 0.997032 -0.076712 76.263504 0.089047 0.075834 0.993136 1.200943 0.000000 0.000000 0.000000 1.000000
0.995871 -0.011493 -0.090049 0.960795 0.004878 0.997295 -0.073338 76.434715 0.090649 0.072596 0.993233 1.425868 0.000000 0.000000 0.000000 1.000000
0.995766 -0.009251 -0.091460 1.069932 0.002822 0.997531 -0.070174 76.579147 0.091884 0.069619 0.993333 1.644287 0.000000 0.000000 0.000000 1.000000
0.995725 -0.006936 -0.092107 1.180527 0.000732 0.997738 -0.067219 76.701965 0.092364 0.066864 0.993478 1.823239 0.000000 0.000000 0.000000 1.000000
0.995703 -0.004616 -0.092490 1.303842 -0.001371 0.997913 -0.064565 76.798744 0.092595 0.064414 0.993618 2.016941 0.000000 0.000000 0.000000 1.000000
0.995703 -0.001999 -0.092585 1.452467 -0.003804 0.998041 -0.062455 76.865700 0.092529 0.062538 0.993744 2.232603 0.000000 0.000000 0.000000 1.000000
0.995722 0.000943 -0.092390 1.622793 -0.006613 0.998111 -0.061087 76.900124 0.092158 0.061436 0.993847 2.392342 0.000000 0.000000 0.000000 1.000000
0.995737 0.003637 -0.092162 1.808567 -0.009220 0.998142 -0.060223 76.898483 0.091772 0.060816 0.993921 2.519604 0.000000 0.000000 0.000000 1.000000
0.995751 0.005828 -0.091900 2.005082 -0.011340 0.998159 -0.059575 76.858986 0.091383 0.060364 0.993985 2.642841 0.000000 0.000000 0.000000 1.000000
0.995770 0.007126 -0.091599 2.206894 -0.012570 0.998179 -0.058994 76.785271 0.091012 0.059896 0.994047 2.759069 0.000000 0.000000 0.000000 1.000000
0.995800 0.007391 -0.091261 2.409645 -0.012804 0.998184 -0.058862 76.681107 0.090661 0.059783 0.994086 2.866213 0.000000 0.000000 0.000000 1.000000
0.995841 0.006437 -0.090885 2.608812 -0.011845 0.998183 -0.059083 76.550804 0.090340 0.059914 0.994107 2.961313 0.000000 0.000000 0.000000 1.000000
0.995887 0.004786 -0.090475 2.802874 -0.010197 0.998180 -0.059440 76.398949 0.090026 0.060118 0.994123 3.041606 0.000000 0.000000 0.000000 1.000000
0.995936 0.002536 -0.090032 2.988585 -0.007949 0.998178 -0.059818 76.229790 0.089716 0.060290 0.994141 3.105273 0.000000 0.000000 0.000000 1.000000
0.995981 0.000185 -0.089560 3.164380 -0.005602 0.998168 -0.060243 76.047485 0.089385 0.060503 0.994158 3.147920 0.000000 0.000000 0.000000 1.000000
0.996024 -0.001920 -0.089060 3.328109 -0.003508 0.998147 -0.060746 75.856026 0.089012 0.060817 0.994172 3.165233 0.000000 0.000000 0.000000 1.000000
0.996087 -0.003758 -0.088293 3.476486 -0.001673 0.998115 -0.061354 75.659195 0.088357 0.061262 0.994203 3.158141 0.000000 0.000000 0.000000 1.000000
0.996209 -0.004958 -0.086847 3.607886 -0.000446 0.998070 -0.062097 75.460800 0.086987 0.061900 0.994284 3.125585 0.000000 0.000000 0.000000 1.000000
0.996407 -0.005786 -0.084502 3.717848 0.000453 0.998013 -0.063002 75.264397 0.084698 0.062737 0.994430 3.071910 0.000000 0.000000 0.000000 1.000000
0.996788 -0.006268 -0.079844 3.804068 0.001141 0.997943 -0.064098 75.073639 0.080082 0.063801 0.994744 3.003048 0.000000 0.000000 0.000000 1.000000
0.997332 -0.006433 -0.072710 3.875741 0.001661 0.997851 -0.065504 74.891762 0.072975 0.065208 0.995200 2.924721 0.000000 0.000000 0.000000 1.000000
0.997840 -0.006467 -0.065379 3.941512 0.002040 0.997713 -0.067557 74.721611 0.065666 0.067278 0.995571 2.839882 0.000000 0.000000 0.000000 1.000000
0.998246 -0.006448 -0.058846 4.000261 0.002318 0.997546 -0.069980 74.567047 0.059153 0.069721 0.995811 2.753716 0.000000 0.000000 0.000000 1.000000
0.998499 -0.006470 -0.054392 4.050480 0.002534 0.997392 -0.072129 74.432281 0.054717 0.071883 0.995911 2.667396 0.000000 0.000000 0.000000 1.000000
0.998600 -0.006641 -0.052483 4.091292 0.002726 0.997231 -0.074317 74.329636 0.052831 0.074070 0.995853 2.567053 0.000000 0.000000 0.000000 1.000000
0.998603 -0.006627 -0.052419 4.125365 0.002603 0.997070 -0.076457 74.217361 0.052772 0.076213 0.995694 2.480089 0.000000 0.000000 0.000000 1.000000
0.998499 -0.006458 -0.054395 4.152201 0.002175 0.996918 -0.078418 74.125114 0.054734 0.078182 0.995435 2.393530 0.000000 0.000000 0.000000 1.000000
0.998346 -0.006245 -0.057156 4.172716 0.001634 0.996764 -0.080371 74.047348 0.057473 0.080145 0.995125 2.320647 0.000000 0.000000 0.000000 1.000000
0.998149 -0.006010 -0.060516 4.187012 0.001010 0.996606 -0.082319 73.997139 0.060806 0.082106 0.994767 2.266817 0.000000 0.000000 0.000000 1.000000
0.997932 -0.005769 -0.064024 4.195571 0.000346 0.996433 -0.084393 73.973282 0.064283 0.084196 0.994374 2.213773 0.000000 0.000000 0.000000 1.000000
0.997725 -0.005535 -0.067184 4.198796 -0.000281 0.996273 -0.086251 73.992836 0.067411 0.086073 0.994006 2.164245 0.000000 0.000000 0.000000 1.000000
0.997503 -0.005245 -0.070423 4.196698 -0.000963 0.996136 -0.087822 74.048401 0.070612 0.087670 0.993644 2.121188 0.000000 0.000000 0.000000 1.000000
0.997281 -0.004902 -0.073524 4.189766 -0.001687 0.996004 -0.089289 74.127899 0.073668 0.089170 0.993288 2.090218 0.000000 0.000000 0.000000 1.000000
0.997113 -0.004678 -0.075788 4.177962 -0.002218 0.995880 -0.090650 74.236725 0.075900 0.090556 0.992995 2.072969 0.000000 0.000000 0.000000 1.000000
0.997011 -0.004565 -0.077119 4.161741 -0.002550 0.995765 -0.091904 74.357407 0.077212 0.091826 0.992777 2.073241 0.000000 0.000000 0.000000 1.000000
0.996909 -0.004659 -0.078426 4.140214 -0.002667 0.995658 -0.093048 74.488083 0.078519 0.092969 0.992568 2.089483 0.000000 0.000000 0.000000 1.000000
0.996811 -0.004815 -0.079659 4.113895 -0.002710 0.995561 -0.094081 74.626869 0.079759 0.093997 0.992372 2.119361 0.000000 0.000000 0.000000 1.000000
0.996720 -0.005004 -0.080772 4.082749 -0.002701 0.995474 -0.095001 74.771942 0.080881 0.094907 0.992195 2.159916 0.000000 0.000000 0.000000 1.000000
0.996642 -0.005162 -0.081715 4.047505 -0.002669 0.995432 -0.095436 74.921799 0.081835 0.095334 0.992076 2.207129 0.000000 0.000000 0.000000 1.000000
0.996582 -0.005340 -0.082439 4.008468 -0.002614 0.995370 -0.096079 75.073929 0.082570 0.095967 0.991954 2.259185 0.000000 0.000000 0.000000 1.000000
0.996542 -0.005707 -0.082892 3.964968 -0.002306 0.995354 -0.096255 75.227539 0.083056 0.096113 0.991899 2.309827 0.000000 0.000000 0.000000 1.000000
