<?xml version="1.0" encoding="utf-8"?>
<COLLADA xmlns="http://www.collada.org/2005/11/COLLADASchema" version="1.4.1">
  <asset><contributor><author>Mixamo</author><authoring_tool>COLLADA Mixamo exporter</authoring_tool><comments></comments></contributor><created>2018-10-31T13:07:55Z</created><modified>2018-10-31T13:07:55Z</modified><revision></revision><title></title><unit meter="0.010000"/><up_axis>Y_UP</up_axis></asset>
  <library_animations>
    <animation id="Hips-anim" name="Hips"><source id="Hips-Matrix-animation-input"><float_array id="Hips-Matrix-animation-input-array" count="31">

0.000000 0.033333 0.066667 0.100000 0.133333 0.166667 0.200000 0.233333 0.266667 0.300000 0.333333 0.366667 0.400000 0.433333 0.466667 0.500000
0.533333 0.566667 0.600000 0.633333 0.666667 0.700000 0.733333 0.766667 0.800000 0.833333 0.866667 0.900000 0.933333 0.966667 1.000000</float_array><technique_common><accessor source="#Hips-Matrix-animation-input-array" count="31"><param name="TIME" type="float"/></accessor></technique_common></source><source id="Hips-Matrix-animation-output-transform"><float_array id="Hips-Matrix-animation-output-transform-array" count="496">

0.947643 -0.082321 0.308539 -0.100127 0.190466 0.921230 -0.339202 65.709167 -0.256312 0.380208 0.888677 0.955523 0.000000 0.000000 0.000000 1.000000
0.971658 0.062376 0.228012 -0.246623 -0.011643 0.976016 -0.217385 74.975960 -0.236103 0.208569 0.949081 12.528603 0.000000 0.000000 0.000000 1.000000
0.970283 0.200341 0.135697 0.053511 -0.188546 0.977464 -0.094941 85.153664 -0.151659 0.066534 0.986191 23.875452 0.000000 0.000000 0.000000 1.000000
0.961061 0.269140 0.062652 0.425332 -0.270329 0.962703 0.011180 95.486130 -0.057307 -0.027682 0.997973 34.916626 0.000000 0.000000 0.000000 1.000000
0.972850 0.230328 0.022613 0.444256 -0.231428 0.968955 0.086994 106.010223 -0.001874 -0.089866 0.995952 46.110786 0.000000 0.000000 0.000000 1.000000
0.992691 0.120596 0.004570 0.084009 -0.119967 0.981986 0.145982 116.356178 0.013117 -0.145463 0.989277 57.439281 0.000000 0.000000 0.000000 1.000000
0.999682 0.024100 -0.007485 -0.394333 -0.022162 0.980284 0.196348 125.851303 0.012069 -0.196119 0.980506 68.448418 0.000000 0.000000 0.000000 1.000000
0.999596 -0.001334 -0.028383 -0.803254 0.007644 0.974699 0.223390 134.204208 0.027367 -0.223517 0.974316 79.060333 0.000000 0.000000 0.000000 1.000000
0.997496 0.038028 -0.059622 -1.155574 -0.024384 0.976354 0.214798 141.246506 0.066381 -0.212807 0.974837 89.609795 0.000000 0.000000 0.000000 1.000000
0.991594 0.097629 -0.084913 -1.547543 -0.080956 0.980064 0.181442 146.681686 0.100934 -0.173043 0.979729 100.341545 0.000000 0.000000 0.000000 1.000000
0.986510 0.136756 -0.089974 -2.015695 -0.122723 0.981587 0.146374 150.215012 0.108335 -0.133358 0.985129 111.244904 0.000000 0.000000 0.000000 1.000000
0.987322 0.138148 -0.078163 -2.509032 -0.127658 0.983756 0.126203 151.479416 0.094328 -0.114625 0.988920 122.255371 0.000000 0.000000 0.000000 1.000000
0.992555 0.104479 -0.062592 -2.874990 -0.096414 0.988039 0.120347 150.120071 0.074417 -0.113416 0.990757 133.361923 0.000000 0.000000 0.000000 1.000000
0.997898 0.042506 -0.048915 -3.027063 -0.036706 0.992813 0.113908 145.022690 0.053405 -0.111873 0.992286 144.824402 0.000000 0.000000 0.000000 1.000000
0.998653 -0.043851 -0.027744 -3.178998 0.046327 0.994302 0.096009 137.246048 0.023376 -0.097165 0.994994 156.609161 0.000000 0.000000 0.000000 1.000000
0.990933 -0.133716 0.013076 -3.339838 0.132349 0.988263 0.076294 127.225456 -0.023124 -0.073872 0.997000 168.147827 0.000000 0.000000 0.000000 1.000000
0.978280 -0.196798 0.065103 -3.414005 0.191925 0.978601 0.074195 115.682434 -0.078312 -0.060088 0.995116 179.489532 0.000000 0.000000 0.000000 1.000000
0.971277 -0.210798 0.110390 -3.416389 0.200896 0.975059 0.094346 103.955200 -0.127524 -0.069459 0.989400 190.518661 0.000000 0.000000 0.000000 1.000000
0.976085 -0.171485 0.133606 -3.320227 0.155670 0.980366 0.121032 92.965652 -0.151738 -0.097339 0.983616 201.242996 0.000000 0.000000 0.000000 1.000000
0.986630 -0.097218 0.130806 -3.086984 0.079622 0.987830 0.133614 84.254524 -0.142204 -0.121412 0.982363 211.802811 0.000000 0.000000 0.000000 1.000000
0.993139 -0.030624 0.112859 -2.673224 0.017259 0.992917 0.117550 76.146210 -0.115659 -0.114796 0.986633 222.285767 0.000000 0.000000 0.000000 1.000000
0.995062 0.004826 0.099136 -1.981805 -0.011105 0.997959 0.062890 69.908936 -0.098630 -0.063680 0.993085 232.688599 0.000000 0.000000 0.000000 1.000000
0.992801 -0.014567 0.118888 -1.135481 0.018371 0.999352 -0.030960 66.904350 -0.118359 0.032921 0.992425 243.068024 0.000000 0.000000 0.000000 1.000000
0.980707 -0.078712 0.178938 -0.475361 0.104573 0.984611 -0.140020 66.903282 -0.165163 0.156030 0.973846 254.050735 0.000000 0.000000 0.000000 1.000000
0.952208 -0.151750 0.265088 -0.308890 0.214502 0.950067 -0.226633 68.560280 -0.217460 0.272663 0.937212 265.270508 0.000000 0.000000 0.000000 1.000000
0.915206 -0.190111 0.355324 -0.563103 0.296620 0.914656 -0.274629 69.317932 -0.272789 0.356738 0.893490 276.335114 0.000000 0.000000 0.000000 1.000000
0.882161 -0.180516 0.434978 -0.857324 0.329322 0.896704 -0.295752 68.566177 -0.336658 0.404149 0.850485 287.068085 0.000000 0.000000 0.000000 1.000000
0.861120 -0.145521 0.487130 -0.921224 0.325889 0.893417 -0.309196 67.423126 -0.390216 0.425005 0.816763 297.231232 0.000000 0.000000 0.000000 1.000000
0.865422 -0.111088 0.488574 -0.737736 0.298520 0.897466 -0.324716 66.524582 -0.402406 0.426865 0.809849 307.013489 0.000000 0.000000 0.000000 1.000000
0.899173 -0.090834 0.428062 -0.431401 0.252541 0.906592 -0.338103 65.959579 -0.357366 0.412117 0.838123 316.712921 0.000000 0.000000 0.000000 1.000000
0.947643 -0.082321 0.308539 -0.100127 0.190466 0.921230 -0.339202 65.709160 -0.256312 0.380208 0.888677 326.544434 0.000000 0.000000 0.000000 1.000000</float_array><technique_common><accessor source="#Hips-Matrix-animation-output-transform-array" count="31" stride="16"><param type="float4x4"/></accessor></technique_common></source><source id="Hips-Interpolations"><Name_array id="Hips-Interpolations-array" count="31">
 LINEAR LINEAR LINEAR LINEAR LINEAR LINEAR LINEAR LINEAR LINEAR LINEAR LINEAR
LINEAR LINEAR LINEAR LINEAR LINEAR LINEAR LINEAR LINEAR LINEAR LINEAR LINEAR LINEAR
LINEAR LINEAR LINEAR LINEAR LINEAR LINEAR LINEAR LINEAR</Name_array><technique_common><accessor source="#Hips-Interpolations-array" count="31"><param type="name"/></accessor></technique_common></source><sampler id="Hips-Matrix-animation-transform"><input semantic="INPUT" source="#Hips-Matrix-animation-input"/><input semantic="OUTPUT" source="#Hips-Matrix-animation-output-transform"/><input semantic="INTERPOLATION" source="#Hips-Interpolations"/></sampler><channel source="#Hips-Matrix-animation-transform" target="Hips/matrix"/></animation>
    <animation id="Spine-anim" name="Spine"><source id="Spine-Matrix-animation-input"><float_array id="Spine-Matrix-animation-input-array" count="31">

0.000000 0.033333 0.066667 0.100000 0.133333 0.166667 0.200000 0.233333 0.266667 0.300000 0.333333 0.366667 0.400000 0.433333 0.466667 0.500000
0.533333 0.566667 0.600000 0.633333 0.666667 0.700000 0.733333 0.766667 0.800000 0.833333 0.866667 0.900000 0.933333 0.966667 1.000000</float_array><technique_common><accessor source="#Spine-Matrix-animation-input-array" count="31"><param name="TIME" type="float"/></accessor></technique_common></source><source id="Spine-Matrix-animation-output-transform"><float_array id="Spine-Matrix-animation-output-transform-array" count="496">

0.975611 0.041583 -0.215531 0.009000 -0.095667 0.964282 -0.247000 7.062600 0.197561 0.261595 0.944742 -0.984700 0.000000 0.000000 0.000000 1.000000
0.980871 0.001681 -0.194652 0.009000 -0.042599 0.977578 -0.206222 7.062600 0.189941 0.210569 0.958949 -0.984700 0.000000 0.000000 0.000000 1.000000
0.980220 -0.067604 -0.186006 0.009000 0.036661 0.985608 -0.165024 7.062600 0.194485 0.154941 0.968591 -0.984700 0.000000 0.000000 0.000000 1.000000
0.973257 -0.113107 -0.199946 0.009000 0.085111 0.985988 -0.143472 7.062600 0.213372 0.122617 0.969246 -0.984700 0.000000 0.000000 0.000000 1.000000
0.970144 -0.083824 -0.227585 0.009000 0.050150 0.987427 -0.149909 7.062600 0.237289 0.134020 0.962150 -0.984700 0.000000 0.000000 0.000000 1.000000
0.970380 0.002086 -0.241575 0.009000 -0.045971 0.983286 -0.176169 7.062600 0.237170 0.182056 0.954257 -0.984700 0.000000 0.000000 0.000000 1.000000
0.970175 0.070615 -0.231891 0.009000 -0.122087 0.968781 -0.215773 7.062600 0.209414 0.237648 0.948509 -0.984700 0.000000 0.000000 0.000000 1.000000
0.975804 0.066823 -0.208183 0.009000 -0.121188 0.957812 -0.260596 7.062600 0.181987 0.279520 0.942735 -0.984700 0.000000 0.000000 0.000000 1.000000
0.983329 0.000568 -0.181834 0.009000 -0.055868 0.952570 -0.299147 7.062600 0.173040 0.304319 0.936722 -0.984700 0.000000 0.000000 0.000000 1.000000
0.983991 -0.077129 -0.160662 0.009000 0.019991 0.943577 -0.330550 7.062600 0.177092 0.322046 0.930013 -0.984700 0.000000 0.000000 0.000000 1.000000
0.981528 -0.121745 -0.147583 0.009000 0.061607 0.931440 -0.358641 7.062600 0.181127 0.342924 0.921735 -0.984700 0.000000 0.000000 0.000000 1.000000
0.982714 -0.118524 -0.142218 0.009000 0.056323 0.923189 -0.380197 7.062600 0.176357 0.365615 0.913906 -0.984700 0.000000 0.000000 0.000000 1.000000
0.986539 -0.076492 -0.144534 0.009000 0.014917 0.922263 -0.386275 7.062600 0.162845 0.378919 0.910989 -0.984700 0.000000 0.000000 0.000000 1.000000
0.987692 -0.012223 -0.155936 0.009000 -0.047114 0.927393 -0.371109 7.062600 0.149150 0.373888 0.915403 -0.984700 0.000000 0.000000 0.000000 1.000000
0.982791 0.061037 -0.174347 0.009000 -0.117136 0.935727 -0.332706 7.062600 0.142834 0.347403 0.926774 -0.984700 0.000000 0.000000 0.000000 1.000000
0.975364 0.122954 -0.183158 0.009000 -0.171973 0.943809 -0.282224 7.062600 0.138166 0.306769 0.941702 -0.984700 0.000000 0.000000 0.000000 1.000000
0.974947 0.156266 -0.158305 0.009000 -0.191820 0.950963 -0.242641 7.062600 0.112625 0.266928 0.957113 -0.984700 0.000000 0.000000 0.000000 1.000000
0.984276 0.148955 -0.094940 0.009000 -0.167257 0.958767 -0.229765 7.062600 0.056801 0.242032 0.968604 -0.984700 0.000000 0.000000 0.000000 1.000000
0.995334 0.096107 -0.008555 0.009000 -0.095327 0.965786 -0.241187 7.062600 -0.014917 0.240877 0.970441 -0.984700 0.000000 0.000000 0.000000 1.000000
0.997025 0.009009 0.076555 0.009000 0.011275 0.965419 -0.260459 7.062600 -0.076254 0.260547 0.962445 -0.984700 0.000000 0.000000 0.000000 1.000000
0.987286 -0.074146 0.140601 0.009000 0.110313 0.956459 -0.270218 7.062600 -0.114443 0.282293 0.952478 -0.984700 0.000000 0.000000 0.000000 1.000000
0.974574 -0.123806 0.186757 0.009000 0.170531 0.950485 -0.259802 7.062600 -0.145344 0.285044 0.947431 -0.984700 0.000000 0.000000 0.000000 1.000000
0.972941 -0.105308 0.205658 0.009000 0.153192 0.960339 -0.232983 7.062600 -0.172966 0.258184 0.950486 -0.984700 0.000000 0.000000 0.000000 1.000000
0.983156 -0.016969 0.181981 0.009000 0.054211 0.977949 -0.201685 7.062600 -0.174546 0.208153 0.962396 -0.984700 0.000000 0.000000 0.000000 1.000000
0.989700 0.101553 0.100895 0.009000 -0.083552 0.982083 -0.168916 7.062600 -0.116241 0.158746 0.980453 -0.984700 0.000000 0.000000 0.000000 1.000000
0.982803 0.183076 -0.024112 0.009000 -0.184655 0.973713 -0.133362 7.062600 -0.000937 0.135521 0.990774 -0.984700 0.000000 0.000000 0.000000 1.000000
0.968551 0.190303 -0.160292 0.009000 -0.209812 0.970951 -0.115037 7.062600 0.133744 0.145050 0.980343 -0.984700 0.000000 0.000000 0.000000 1.000000
0.952806 0.142056 -0.268291 0.009000 -0.182777 0.974068 -0.133359 7.062600 0.242389 0.176103 0.954062 -0.984700 0.000000 0.000000 0.000000 1.000000
0.946311 0.083473 -0.312294 0.009000 -0.143140 0.974413 -0.173293 7.062600 0.289838 0.208691 0.934046 -0.984700 0.000000 0.000000 0.000000 1.000000
0.956254 0.048332 -0.288516 0.009000 -0.113251 0.970515 -0.212778 7.062600 0.269725 0.236145 0.933533 -0.984700 0.000000 0.000000 0.000000 1.000000
0.975611 0.041583 -0.215531 0.009000 -0.095667 0.964282 -0.247000 7.062600 0.197561 0.261595 0.944742 -0.984700 0.000000 0.000000 0.000000 1.000000</float_array><technique_common><accessor source="#Spine-Matrix-animation-output-transform-array" count="31" stride="16"><param type="float4x4"/></accessor></technique_common></source><source id="Spine-Interpolations"><Name_array id="Spine-Interpolations-array" count="31">
 LINEAR LINEAR LINEAR LINEAR LINEAR LINEAR LINEAR LINEAR LINEAR LINEAR LINEAR
LINEAR LINEAR LINEAR LINEAR LINEAR LINEAR LINEAR LINEAR LINEAR LINEAR LINEAR LINEAR
LINEAR LINEAR LINEAR LINEAR LINEAR LINEAR LINEAR LINEAR</Name_array><technique_common><accessor source="#Spine-Interpolations-array" count="31"><param type="name"/></accessor></technique_common></source><sampler id="Spine-Matrix-animation-transform"><input semantic="INPUT" source="#Spine-Matrix-animation-input"/><input semantic="OUTPUT" source="#Spine-Matrix-animation-output-transform"/><input semantic="INTERPOLATION" source="#Spine-Interpolations"/></sampler><channel source="#Spine-Matrix-animation-transform" target="Spine/matrix"/></animation>
    <animation id="Spine1-anim" name="Spine1"><source id="Spine1-Matrix-animation-input"><float_array id="Spine1-Matrix-animation-input-array" count="31">

0.000000 0.033333 0.066667 0.100000 0.133333 0.166667 0.200000 0.233333 0.266667 0.300000 0.333333 0.366667 0.400000 0.433333 0.466667 0.500000
0.533333 0.566667 0.600000 0.633333 0.666667 0.700000 0.733333 0.766667 0.800000 0.833333 0.866667 0.900000 0.933333 0.966667 1.000000</float_array><technique_common><accessor source="#Spine1-Matrix-animation-input-array" count="31"><param name="TIME" type="float"/></accessor></technique_common></source><source id="Spine1-Matrix-animation-output-transform"><float_array id="Spine1-Matrix-animation-output-transform-array" count="496">

0.998511 0.012528 -0.053094 0.012400 -0.013586 0.999715 -0.019613 8.239700 0.052833 0.020305 0.998397 -1.148800 0.000000 0.000000 0.000000 1.000000
0.999386 -0.019645 -0.029016 0.012400 0.019463 0.999789 -0.006544 8.239700 0.029139 0.005975 0.999558 -1.148800 0.000000 0.000000 0.000000 1.000000
0.996810 -0.079323 -0.008835 0.012400 0.079546 0.996422 0.028556 8.239700 0.006539 -0.029167 0.999553 -1.148800 0.000000 0.000000 0.000000 1.000000
0.990382 -0.138274 0.004915 0.012400 0.137694 0.988466 0.063055 8.239700 -0.013577 -0.061772 0.997998 -1.148800 0.000000 0.000000 0.000000 1.000000
0.985796 -0.167390 0.013676 0.012400 0.166008 0.983516 0.071674 8.239700 -0.025448 -0.068385 0.997334 -1.148800 0.000000 0.000000 0.000000 1.000000
0.986728 -0.161047 0.020783 0.012400 0.160013 0.986117 0.044373 8.239700 -0.027640 -0.040459 0.998799 -1.148800 0.000000 0.000000 0.000000 1.000000
0.990113 -0.137805 0.026183 0.012400 0.138111 0.990363 -0.010273 8.239700 -0.024515 0.013787 0.999604 -1.148800 0.000000 0.000000 0.000000 1.000000
0.992939 -0.115640 0.026446 0.012400 0.117348 0.990153 -0.076326 8.239700 -0.017360 0.078890 0.996732 -1.148800 0.000000 0.000000 0.000000 1.000000
0.995114 -0.096691 0.019994 0.012400 0.098553 0.985026 -0.141458 8.239700 -0.006017 0.142737 0.989742 -1.148800 0.000000 0.000000 0.000000 1.000000
0.997046 -0.076147 0.010090 0.012400 0.076628 0.976929 -0.199343 8.239700 0.005322 0.199528 0.979878 -1.148800 0.000000 0.000000 0.000000 1.000000
0.998493 -0.054815 0.002462 0.012400 0.053741 0.967894 -0.245546 8.239700 0.011077 0.245308 0.969382 -1.148800 0.000000 0.000000 0.000000 1.000000
0.999310 -0.037139 0.000986 0.012400 0.035990 0.961124 -0.273762 8.239700 0.009220 0.273608 0.961797 -1.148800 0.000000 0.000000 0.000000 1.000000
0.999720 -0.023080 0.005273 0.012400 0.023638 0.960762 -0.276364 8.239700 0.001312 0.276411 0.961039 -1.148800 0.000000 0.000000 0.000000 1.000000
0.999883 -0.010232 0.011367 0.012400 0.012806 0.966441 -0.256571 8.239700 -0.008360 0.256687 0.966459 -1.148800 0.000000 0.000000 0.000000 1.000000
0.999898 0.002490 0.014099 0.012400 0.000688 0.975267 -0.221030 8.239700 -0.014301 0.221017 0.975165 -1.148800 0.000000 0.000000 0.000000 1.000000
0.999854 0.012846 0.011309 0.012400 -0.010622 0.983886 -0.178479 8.239700 -0.013419 0.178332 0.983879 -1.148800 0.000000 0.000000 0.000000 1.000000
0.999823 0.017881 0.005797 0.012400 -0.016864 0.989494 -0.143587 8.239700 -0.008304 0.143464 0.989621 -1.148800 0.000000 0.000000 0.000000 1.000000
0.999840 0.017770 0.002090 0.012400 -0.017353 0.991516 -0.128820 8.239700 -0.004361 0.128763 0.991666 -1.148800 0.000000 0.000000 0.000000 1.000000
0.999891 0.014692 0.001632 0.012400 -0.014336 0.990731 -0.135078 8.239700 -0.003601 0.135040 0.990834 -1.148800 0.000000 0.000000 0.000000 1.000000
0.999942 0.010538 0.002269 0.012400 -0.010086 0.988900 -0.148243 8.239700 -0.003806 0.148211 0.988948 -1.148800 0.000000 0.000000 0.000000 1.000000
0.999976 0.006588 0.002249 0.012400 -0.006182 0.988957 -0.148074 8.239700 -0.003200 0.148057 0.988974 -1.148800 0.000000 0.000000 0.000000 1.000000
0.999990 0.003659 0.002667 0.012400 -0.003299 0.992244 -0.124262 8.239700 -0.003101 0.124252 0.992246 -1.148800 0.000000 0.000000 0.000000 1.000000
0.999984 0.003051 0.004705 0.012400 -0.002672 0.996892 -0.078740 8.239700 -0.004930 0.078727 0.996884 -1.148800 0.000000 0.000000 0.000000 1.000000
0.999967 0.005783 0.005646 0.012400 -0.005657 0.999739 -0.022134 8.239700 -0.005773 0.022101 0.999739 -1.148800 0.000000 0.000000 0.000000 1.000000
0.999933 0.011602 0.000573 0.012400 -0.011615 0.999376 0.033352 8.239700 -0.000186 -0.033356 0.999444 -1.148800 0.000000 0.000000 0.000000 1.000000
0.999763 0.018203 -0.011909 0.012400 -0.017231 0.996873 0.077125 8.239700 0.013276 -0.076902 0.996950 -1.148800 0.000000 0.000000 0.000000 1.000000
0.999377 0.021837 -0.027714 0.012400 -0.019002 0.994933 0.098723 8.239700 0.029729 -0.098135 0.994729 -1.148800 0.000000 0.000000 0.000000 1.000000
0.998953 0.019954 -0.041157 0.012400 -0.016195 0.995835 0.089726 8.239700 0.042776 -0.088966 0.995116 -1.148800 0.000000 0.000000 0.000000 1.000000
0.998661 0.015863 -0.049241 0.012400 -0.012937 0.998164 0.059178 8.239700 0.050089 -0.058462 0.997032 -1.148800 0.000000 0.000000 0.000000 1.000000
0.998533 0.012908 -0.052587 0.012400 -0.011910 0.999744 0.019239 8.239700 0.052822 -0.018585 0.998431 -1.148800 0.000000 0.000000 0.000000 1.000000
0.998511 0.012528 -0.053094 0.012400 -0.013586 0.999715 -0.019612 8.239700 0.052833 0.020305 0.998397 -1.148800 0.000000 0.000000 0.000000 1.000000</float_array><technique_common><accessor source="#Spine1-Matrix-animation-output-transform-array" count="31" stride="16"><param type="float4x4"/></accessor></technique_common></source><source id="Spine1-Interpolations"><Name_array id="Spine1-Interpolations-array" count="31">
 LINEAR LINEAR LINEAR LINEAR LINEAR LINEAR LINEAR LINEAR LINEAR LINEAR LINEAR
LINEAR LINEAR LINEAR LINEAR LINEAR LINEAR LINEAR LINEAR LINEAR LINEAR LINEAR LINEAR
LINEAR LINEAR LINEAR LINEAR LINEAR LINEAR LINEAR LINEAR</Name_array><technique_common><accessor source="#Spine1-Interpolations-array" count="31"><param type="name"/></accessor></technique_common></source><sampler id="Spine1-Matrix-animation-transform"><input semantic="INPUT" source="#Spine1-Matrix-animation-input"/><input semantic="OUTPUT" source="#Spine1-Matrix-animation-output-transform"/><input semantic="INTERPOLATION" source="#Spine1-Interpolations"/></sampler><channel source="#Spine1-Matrix-animation-transform" target="Spine1/matrix"/></animation>
    <animation id="Spine2-anim" name="Spine2"><source id="Spine2-Matrix-animation-input"><float_array id="Spine2-Matrix-animation-input-array" count="31">

0.000000 0.033333 0.066667 0.100000 0.133333 0.166667 0.200000 0.233333 0.266667 0.300000 0.333333 0.366667 0.400000 0.433333 0.466667 0.500000
0.533333 0.566667 0.600000 0.633333 0.666667 0.700000 0.733333 0.766667 0.800000 0.833333 0.866667 0.900000 0.933333 0.966667 1.000000</float_array><technique_common><accessor source="#Spine2-Matrix-animation-input-array" count="31"><param name="TIME" type="float"/></accessor></technique_common></source><source id="Spine2-Matrix-animation-output-transform"><float_array id="Spine2-Matrix-animation-output-transform-array" count="496">

0.998552 0.012171 -0.052396 0.014200 -0.013247 0.999707 -0.020235 9.416800 0.052135 0.020900 0.998421 -1.313000 0.000000 0.000000 0.000000 1.000000
0.999421 -0.019325 -0.028013 0.014200 0.018564 0.999458 -0.027186 9.416800 0.028524 0.026650 0.999238 -1.313000 0.000000 0.000000 0.000000 1.000000
0.996830 -0.079350 -0.005773 0.014200 0.079222 0.996660 -0.019795 9.416800 0.007324 0.019275 0.999787 -1.313000 0.000000 0.000000 0.000000 1.000000
0.990242 -0.138967 0.010470 0.014200 0.139114 0.990164 -0.014898 9.416800 -0.008297 0.016209 0.999834 -1.313000 0.000000 0.000000 0.000000 1.000000
0.985565 -0.168056 0.020480 0.014200 0.168637 0.985189 -0.031050 9.416800 -0.014959 0.034055 0.999308 -1.313000 0.000000 0.000000 0.000000 1.000000
0.986688 -0.160361 0.027045 0.014200 0.161982 0.983878 -0.075798 9.416800 -0.014454 0.079170 0.996756 -1.313000 0.000000 0.000000 0.000000 1.000000
0.990384 -0.134779 0.031218 0.014200 0.137878 0.980137 -0.142554 9.416800 -0.011384 0.145487 0.989295 -1.313000 0.000000 0.000000 0.000000 1.000000
0.993393 -0.110546 0.030809 0.014200 0.114611 0.969318 -0.217457 9.416800 -0.005825 0.219551 0.975584 -1.313000 0.000000 0.000000 0.000000 1.000000
0.995548 -0.091027 0.024479 0.014200 0.094215 0.952786 -0.288655 9.416800 0.002952 0.289676 0.957120 -1.313000 0.000000 0.000000 0.000000 1.000000
0.997328 -0.071479 0.015068 0.014200 0.072221 0.933841 -0.350322 9.416800 0.010970 0.350474 0.936508 -1.313000 0.000000 0.000000 0.000000 1.000000
0.998646 -0.051439 0.007805 0.014200 0.050275 0.915478 -0.399215 9.416800 0.013390 0.399067 0.916824 -1.313000 0.000000 0.000000 0.000000 1.000000
0.999409 -0.033853 0.005950 0.014200 0.033128 0.902546 -0.429318 9.416800 0.009164 0.429261 0.903134 -1.313000 0.000000 0.000000 0.000000 1.000000
0.999795 -0.018410 0.008437 0.014200 0.020249 0.902071 -0.431112 9.416800 0.000326 0.431194 0.902259 -1.313000 0.000000 0.000000 0.000000 1.000000
0.999922 -0.004314 0.011756 0.014200 0.008709 0.914153 -0.405277 9.416800 -0.008998 0.405347 0.914118 -1.313000 0.000000 0.000000 0.000000 1.000000
0.999899 0.007723 0.011951 0.014200 -0.002961 0.934427 -0.356143 9.416800 -0.013918 0.356072 0.934355 -1.313000 0.000000 0.000000 0.000000 1.000000
0.999851 0.015175 0.008169 0.014200 -0.012126 0.956272 -0.292228 9.416800 -0.012246 0.292086 0.956314 -1.313000 0.000000 0.000000 0.000000 1.000000
0.999860 0.016327 0.003782 0.014200 -0.015009 0.972729 -0.231457 9.416800 -0.007458 0.231368 0.972838 -1.313000 0.000000 0.000000 0.000000 1.000000
0.999912 0.013004 0.002601 0.014200 -0.012261 0.981275 -0.192219 9.416800 -0.005052 0.192171 0.981349 -1.313000 0.000000 0.000000 0.000000 1.000000
0.999955 0.008210 0.004681 0.014200 -0.007185 0.982177 -0.187820 9.416800 -0.006140 0.187778 0.982192 -1.313000 0.000000 0.000000 0.000000 1.000000
0.999970 0.003646 0.006891 0.014200 -0.002144 0.978450 -0.206473 9.416800 -0.007495 0.206452 0.978428 -1.313000 0.000000 0.000000 0.000000 1.000000
0.999974 -0.000071 0.007190 0.014200 0.001677 0.974668 -0.223649 9.416800 -0.006992 0.223656 0.974643 -1.313000 0.000000 0.000000 0.000000 1.000000
0.999971 -0.002577 0.007120 0.014200 0.004099 0.974810 -0.222999 9.416800 -0.006366 0.223022 0.974793 -1.313000 0.000000 0.000000 0.000000 1.000000
0.999962 -0.002560 0.008322 0.014200 0.004176 0.979701 -0.200421 9.416800 -0.007640 0.200448 0.979674 -1.313000 0.000000 0.000000 0.000000 1.000000
0.999967 0.000665 0.008077 0.014200 0.000655 0.986721 -0.162425 9.416800 -0.008078 0.162425 0.986688 -1.313000 0.000000 0.000000 0.000000 1.000000
0.999981 0.005992 0.001188 0.014200 -0.005807 0.992856 -0.119177 9.416800 -0.001894 0.119168 0.992872 -1.313000 0.000000 0.000000 0.000000 1.000000
0.999849 0.010895 -0.013507 0.014200 -0.011940 0.996732 -0.079897 9.416800 0.012592 0.080046 0.996712 -1.313000 0.000000 0.000000 0.000000 1.000000
0.999444 0.012765 -0.030805 0.014200 -0.014401 0.998464 -0.053493 9.416800 0.030075 0.053907 0.998093 -1.313000 0.000000 0.000000 0.000000 1.000000
0.998980 0.010957 -0.043806 0.014200 -0.012565 0.999251 -0.036610 9.416800 0.043372 0.037123 0.998369 -1.313000 0.000000 0.000000 0.000000 1.000000
0.998676 0.009825 -0.050498 0.014200 -0.010630 0.999820 -0.015698 9.416800 0.050335 0.016214 0.998601 -1.313000 0.000000 0.000000 0.000000 1.000000
0.998562 0.010590 -0.052546 0.014200 -0.010842 0.999931 -0.004518 9.416800 0.052495 0.005081 0.998608 -1.313000 0.000000 0.000000 0.000000 1.000000
0.998552 0.012171 -0.052396 0.014200 -0.013247 0.999707 -0.020235 9.416800 0.052134 0.020900 0.998421 -1.313000 0.000000 0.000000 0.000000 1.000000</float_array><technique_common><accessor source="#Spine2-Matrix-animation-output-transform-array" count="31" stride="16"><param type="float4x4"/></accessor></technique_common></source><source id="Spine2-Interpolations"><Name_array id="Spine2-Interpolations-array" count="31">
 LINEAR LINEAR LINEAR LINEAR LINEAR LINEAR LINEAR LINEAR LINEAR LINEAR LINEAR
LINEAR LINEAR LINEAR LINEAR LINEAR LINEAR LINEAR LINEAR LINEAR LINEAR LINEAR LINEAR
LINEAR LINEAR LINEAR LINEAR LINEAR LINEAR LINEAR LINEAR</Name_array><technique_common><accessor source="#Spine2-Interpolations-array" count="31"><param type="name"/></accessor></technique_common></source><sampler id="Spine2-Matrix-animation-transform"><input semantic="INPUT" source="#Spine2-Matrix-animation-input"/><input semantic="OUTPUT" source="#Spine2-Matrix-animation-output-transform"/><input semantic="INTERPOLATION" source="#Spine2-Interpolations"/></sampler><channel source="#Spine2-Matrix-animation-transform" target="Spine2/matrix"/></animation>
    <animation id="Neck-anim" name="Neck"><source id="Neck-Matrix-animation-input"><float_array id="Neck-Matrix-animation-input-array" count="31">

0.000000 0.033333 0.066667 0.100000 0.133333 0.166667 0.200000 0.233333 0.266667 0.300000 0.333333 0.366667 0.400000 0.433333 0.466667 0.500000
0.533333 0.566667 0.600000 0.633333 0.666667 0.700000 0.733333 0.766667 0.800000 0.833333 0.866667 0.900000 0.933333 0.966667 1.000000</float_array><technique_common><accessor source="#Neck-Matrix-animation-input-array" count="31"><param name="TIME" type="float"/></accessor></technique_common></source><source id="Neck-Matrix-animation-output-transform"><float_array id="Neck-Matrix-animation-output-transform-array" count="496">

0.999269 0.023759 0.029938 0.016000 -0.027425 0.991304 0.128702 10.593800 -0.026620 -0.129429 0.991231 -1.477100 0.000000 0.000000 0.000000 1.000000
0.999148 0.027136 0.031111 0.016000 -0.031357 0.989025 0.144380 10.593800 -0.026851 -0.145232 0.989033 -1.477100 0.000000 0.000000 0.000000 1.000000
0.997666 0.061026 0.030636 0.016000 -0.064621 0.988763 0.134800 10.593800 -0.022066 -0.136465 0.990399 -1.477100 0.000000 0.000000 0.000000 1.000000
0.993967 0.106475 0.026332 0.016000 -0.108616 0.988915 0.101245 10.593800 -0.015261 -0.103494 0.994513 -1.477100 0.000000 0.000000 0.000000 1.000000
0.990502 0.136466 0.016826 0.016000 -0.137227 0.988810 0.058505 10.593800 -0.008654 -0.060258 0.998145 -1.477100 0.000000 0.000000 0.000000 1.000000
0.990624 0.136553 0.004152 0.016000 -0.136614 0.990288 0.025814 10.593800 -0.000586 -0.026139 0.999658 -1.477100 0.000000 0.000000 0.000000 1.000000
0.993204 0.116237 -0.005878 0.016000 -0.116175 0.993178 0.010032 10.593800 0.007004 -0.009281 0.999932 -1.477100 0.000000 0.000000 0.000000 1.000000
0.995412 0.095377 -0.007628 0.016000 -0.095351 0.995437 0.003764 10.593800 0.007952 -0.003020 0.999964 -1.477100 0.000000 0.000000 0.000000 1.000000
0.996419 0.084553 -0.000902 0.016000 -0.084555 0.996415 -0.002760 10.593800 0.000666 0.002826 0.999996 -1.477100 0.000000 0.000000 0.000000 1.000000
0.996744 0.080179 0.008575 0.016000 -0.080077 0.996721 -0.011611 10.593800 -0.009478 0.010886 0.999896 -1.477100 0.000000 0.000000 0.000000 1.000000
0.997130 0.074362 0.014208 0.016000 -0.074092 0.997077 -0.018634 10.593800 -0.015552 0.017528 0.999725 -1.477100 0.000000 0.000000 0.000000 1.000000
0.997808 0.064737 0.013742 0.016000 -0.064433 0.997689 -0.021545 10.593800 -0.015105 0.020612 0.999673 -1.477100 0.000000 0.000000 0.000000 1.000000
0.998433 0.055097 0.009813 0.016000 -0.054849 0.998207 -0.023959 10.593800 -0.011116 0.023383 0.999665 -1.477100 0.000000 0.000000 0.000000 1.000000
0.998770 0.049129 0.006638 0.016000 -0.048856 0.998142 -0.036410 10.593800 -0.008415 0.036041 0.999315 -1.477100 0.000000 0.000000 0.000000 1.000000
0.998895 0.046670 0.005501 0.016000 -0.046196 0.996666 -0.067247 10.593800 -0.008621 0.066918 0.997721 -1.477100 0.000000 0.000000 0.000000 1.000000
0.999006 0.044389 0.004017 0.016000 -0.043611 0.992113 -0.117514 10.593800 -0.009201 0.117222 0.993063 -1.477100 0.000000 0.000000 0.000000 1.000000
0.999198 0.040046 -0.000714 0.016000 -0.039523 0.982947 -0.179589 10.593800 -0.006490 0.179473 0.983741 -1.477100 0.000000 0.000000 0.000000 1.000000
0.999269 0.037124 -0.009083 0.016000 -0.038219 0.970934 -0.236278 10.593800 0.000047 0.236452 0.971643 -1.477100 0.000000 0.000000 0.000000 1.000000
0.998889 0.043437 -0.018298 0.016000 -0.046753 0.962357 -0.267739 10.593800 0.005979 0.268297 0.963318 -1.477100 0.000000 0.000000 0.000000 1.000000
0.997707 0.063128 -0.024424 0.016000 -0.067329 0.962670 -0.262170 10.593800 0.006962 0.263213 0.964713 -1.477100 0.000000 0.000000 0.000000 1.000000
0.995647 0.089649 -0.025502 0.016000 -0.093076 0.970752 -0.221310 10.593800 0.004916 0.222721 0.974870 -1.477100 0.000000 0.000000 0.000000 1.000000
0.993822 0.108516 -0.023263 0.016000 -0.110823 0.981569 -0.155695 10.593800 0.005939 0.157311 0.987531 -1.477100 0.000000 0.000000 0.000000 1.000000
0.993779 0.109257 -0.021598 0.016000 -0.110540 0.991283 -0.071685 10.593800 0.013578 0.073626 0.997193 -1.477100 0.000000 0.000000 0.000000 1.000000
0.995328 0.093910 -0.022417 0.016000 -0.093204 0.995173 0.030706 10.593800 0.025192 -0.028473 0.999277 -1.477100 0.000000 0.000000 0.000000 1.000000
0.996968 0.074119 -0.023670 0.016000 -0.069937 0.986976 0.144869 10.593800 0.034099 -0.142774 0.989168 -1.477100 0.000000 0.000000 0.000000 1.000000
0.997928 0.060572 -0.021717 0.016000 -0.053397 0.967847 0.245806 10.593800 0.035907 -0.244137 0.969076 -1.477100 0.000000 0.000000 0.000000 1.000000
0.998350 0.055445 -0.014913 0.016000 -0.048431 0.952725 0.299950 10.593800 0.030839 -0.298733 0.953838 -1.477100 0.000000 0.000000 0.000000 1.000000
0.998556 0.053542 -0.004409 0.016000 -0.049952 0.955526 0.290647 10.593800 0.019775 -0.290007 0.956820 -1.477100 0.000000 0.000000 0.000000 1.000000
0.998767 0.049098 0.007308 0.016000 -0.049434 0.970470 0.236104 10.593800 0.004500 -0.236174 0.971700 -1.477100 0.000000 0.000000 0.000000 1.000000
0.999056 0.039125 0.018860 0.016000 -0.041794 0.984165 0.172256 10.593800 -0.011821 -0.172882 0.984872 -1.477100 0.000000 0.000000 0.000000 1.000000
0.999269 0.023759 0.029938 0.016000 -0.027425 0.991304 0.128702 10.593800 -0.026620 -0.129429 0.991231 -1.477100 0.000000 0.000000 0.000000 1.000000</float_array><technique_common><accessor source="#Neck-Matrix-animation-output-transform-array" count="31" stride="16"><param type="float4x4"/></accessor></technique_common></source><source id="Neck-Interpolations"><Name_array id="Neck-Interpolations-array" count="31">
 LINEAR LINEAR LINEAR LINEAR LINEAR LINEAR LINEAR LINEAR LINEAR LINEAR LINEAR
LINEAR LINEAR LINEAR LINEAR LINEAR LINEAR LINEAR LINEAR LINEAR LINEAR LINEAR LINEAR
LINEAR LINEAR LINEAR LINEAR LINEAR LINEAR LINEAR LINEAR</Name_array><technique_common><accessor source="#Neck-Interpolations-array" count="31"><param type="name"/></accessor></technique_common></source><sampler id="Neck-Matrix-animation-transform"><input semantic="INPUT" source="#Neck-Matrix-animation-input"/><input semantic="OUTPUT" source="#Neck-Matrix-animation-output-transform"/><input semantic="INTERPOLATION" source="#Neck-Interpolations"/></sampler><channel source="#Neck-Matrix-animation-transform" target="Neck/matrix"/></animation>
    <animation id="Head-anim" name="Head"><source id="Head-Matrix-animation-input"><float_array id="Head-Matrix-animation-input-array" count="31">

0.000000 0.033333 0.066667 0.100000 0.133333 0.166667 0.200000 0.233333 0.266667 0.300000 0.333333 0.366667 0.400000 0.433333 0.466667 0.500000
0.533333 0.566667 0.600000 0.633333 0.666667 0.700000 0.733333 0.766667 0.800000 0.833333 0.866667 0.900000 0.933333 0.966667 1.000000</float_array><technique_common><accessor source="#Head-Matrix-animation-input-array" count="31"><param name="TIME" type="float"/></accessor></technique_common></source><source id="Head-Matrix-animation-output-transform"><float_array id="Head-Matrix-animation-output-transform-array" count="496">

0.994802 -0.066506 -0.077111 0.000000 0.092577 0.906073 0.412871 5.056400 0.042410 -0.417863 0.907520 0.719600 0.000000 0.000000 0.000000 1.000000
0.997932 -0.062916 0.013144 -0.000000 0.057469 0.964991 0.255910 5.056400 -0.028785 -0.254625 0.966611 0.719600 0.000000 0.000000 0.000000 1.000000
0.996109 -0.003321 0.088069 -0.000000 0.001470 0.999777 0.021074 5.056400 -0.088119 -0.020863 0.995891 0.719600 0.000000 0.000000 0.000000 1.000000
0.988681 0.084438 0.124016 -0.000000 -0.055123 0.973217 -0.223181 5.056400 -0.139540 0.213819 0.966856 0.719600 0.000000 0.000000 0.000000 1.000000
0.980533 0.156913 0.118036 0.000000 -0.100728 0.917992 -0.383593 5.056400 -0.168547 0.364237 0.915928 0.719600 0.000000 0.000000 0.000000 1.000000
0.977504 0.189563 0.092479 -0.000000 -0.133161 0.894681 -0.426396 5.056400 -0.163568 0.404489 0.899797 0.719600 0.000000 0.000000 0.000000 1.000000
0.978524 0.193001 0.072395 0.000000 -0.151828 0.912374 -0.380161 5.056400 -0.139423 0.361006 0.922083 0.719600 0.000000 0.000000 0.000000 1.000000
0.979147 0.190798 0.069763 -0.000000 -0.163369 0.943637 -0.287853 5.056400 -0.120753 0.270453 0.955130 0.719600 0.000000 0.000000 0.000000 1.000000
0.977751 0.193500 0.081001 0.000000 -0.176957 0.968197 -0.176864 5.056400 -0.112648 0.158595 0.980897 0.719600 0.000000 0.000000 0.000000 1.000000
0.976333 0.195427 0.092640 0.000000 -0.190616 0.979932 -0.058291 5.056400 -0.102173 0.039253 0.993992 0.719600 0.000000 0.000000 0.000000 1.000000
0.977646 0.189107 0.091909 0.000000 -0.194686 0.979265 0.056010 5.056400 -0.079412 -0.072651 0.994191 0.719600 0.000000 0.000000 0.000000 1.000000
0.981746 0.174662 0.075286 0.000000 -0.184212 0.971707 0.147822 5.056400 -0.047337 -0.158992 0.986144 0.719600 0.000000 0.000000 0.000000 1.000000
0.986552 0.156120 0.048394 0.000000 -0.162801 0.964915 0.205995 5.056400 -0.014536 -0.211103 0.977356 0.719600 0.000000 0.000000 0.000000 1.000000
0.990705 0.134801 0.018232 0.000000 -0.135391 0.964203 0.227994 5.056400 0.013154 -0.228343 0.973492 0.719600 0.000000 0.000000 0.000000 1.000000
0.993859 0.109368 -0.016797 -0.000000 -0.102920 0.969455 0.222630 5.056400 0.040632 -0.219534 0.974758 0.719600 0.000000 0.000000 0.000000 1.000000
0.994555 0.080682 -0.065956 -0.000000 -0.065998 0.977465 0.200516 5.056400 0.080647 -0.195071 0.977468 0.719600 0.000000 0.000000 0.000000 1.000000
0.989278 0.055590 -0.135051 0.000000 -0.031969 0.984726 0.171153 5.056400 0.142503 -0.165000 0.975945 0.719600 0.000000 0.000000 0.000000 1.000000
0.975091 0.045349 -0.217119 0.000000 -0.012175 0.988344 0.151752 5.056400 0.221470 -0.145328 0.964277 0.719600 0.000000 0.000000 0.000000 1.000000
0.954404 0.054286 -0.293540 0.000000 -0.009347 0.988279 0.152375 5.056400 0.298371 -0.142683 0.943725 0.719600 0.000000 0.000000 0.000000 1.000000
0.934981 0.067637 -0.348190 0.000000 -0.016222 0.988777 0.148513 5.056400 0.354327 -0.133208 0.925585 0.719600 0.000000 0.000000 0.000000 1.000000
0.922090 0.057575 -0.382669 0.000000 -0.024479 0.995568 0.090806 5.056400 0.386201 -0.074364 0.919412 0.719600 0.000000 0.000000 0.000000 1.000000
0.912371 0.005092 -0.409333 0.000000 -0.024474 0.998813 -0.042125 5.056400 0.408632 0.048452 0.911412 0.719600 0.000000 0.000000 0.000000 1.000000
0.900117 -0.080770 -0.428096 0.000000 -0.008432 0.979248 -0.202488 5.056400 0.435567 0.185872 0.880757 0.719600 0.000000 0.000000 0.000000 1.000000
0.888005 -0.165492 -0.429021 -0.000000 0.024030 0.948419 -0.316108 5.056400 0.459205 0.270396 0.846178 0.719600 0.000000 0.000000 0.000000 1.000000
0.883330 -0.220726 -0.413530 0.000000 0.068485 0.933500 -0.351976 5.056400 0.463721 0.282591 0.839706 0.719600 0.000000 0.000000 0.000000 1.000000
0.887804 -0.242562 -0.391111 0.000000 0.115108 0.939855 -0.321595 5.056400 0.445594 0.240493 0.862328 0.719600 0.000000 0.000000 0.000000 1.000000
0.900386 -0.236397 -0.365269 0.000000 0.155309 0.958839 -0.237711 5.056400 0.406428 0.157302 0.900040 0.719600 0.000000 0.000000 0.000000 1.000000
0.922143 -0.205542 -0.327726 0.000000 0.182768 0.978139 -0.099199 5.056400 0.340951 0.031578 0.939551 0.719600 0.000000 0.000000 0.000000 1.000000
0.950629 -0.156964 -0.267705 0.000000 0.186314 0.978555 0.087848 5.056400 0.248175 -0.133388 0.959488 0.719600 0.000000 0.000000 0.000000 1.000000
0.977564 -0.106155 -0.181934 0.000000 0.154402 0.948642 0.276114 5.056400 0.143279 -0.298010 0.943748 0.719600 0.000000 0.000000 0.000000 1.000000
0.994802 -0.066506 -0.077111 -0.000000 0.092577 0.906073 0.412871 5.056400 0.042410 -0.417863 0.907520 0.719600 0.000000 0.000000 0.000000 1.000000</float_array><technique_common><accessor source="#Head-Matrix-animation-output-transform-array" count="31" stride="16"><param type="float4x4"/></accessor></technique_common></source><source id="Head-Interpolations"><Name_array id="Head-Interpolations-array" count="31">
 LINEAR LINEAR LINEAR LINEAR LINEAR LINEAR LINEAR LINEAR LINEAR LINEAR LINEAR
LINEAR LINEAR LINEAR LINEAR LINEAR LINEAR LINEAR LINEAR LINEAR LINEAR LINEAR LINEAR
LINEAR LINEAR LINEAR LINEAR LINEAR LINEAR LINEAR LINEAR</Name_array><technique_common><accessor source="#Head-Interpolations-array" count="31"><param type="name"/></accessor></technique_common></source><sampler id="Head-Matrix-animation-transform"><input semantic="INPUT" source="#Head-Matrix-animation-input"/><input semantic="OUTPUT" source="#Head-Matrix-animation-output-transform"/><input semantic="INTERPOLATION" source="#Head-Interpolations"/></sampler><channel source="#Head-Matrix-animation-transform" target="Head/matrix"/></animation>
    <animation id="LeftShoulder-anim" name="LeftShoulder"><source id="LeftShoulder-Matrix-animation-input"><float_array id="LeftShoulder-Matrix-animation-input-array" count="31">

0.000000 0.033333 0.066667 0.100000 0.133333 0.166667 0.200000 0.233333 0.266667 0.300000 0.333333 0.366667 0.400000 0.433333 0.466667 0.500000
0.533333 0.566667 0.600000 0.633333 0.666667 0.700000 0.733333 0.766667 0.800000 0.833333 0.866667 0.900000 0.933333 0.966667 1.000000</float_array><technique_common><accessor source="#LeftShoulder-Matrix-animation-input-array" count="31"><param name="TIME" type="float"/></accessor></technique_common></source><source id="LeftShoulder-Matrix-animation-output-transform"><float_array id="LeftShoulder-Matrix-animation-output-transform-array" count="496">

0.930500 0.318394 -0.181093 3.528500 -0.323831 0.946115 -0.000484 8.730400 0.171180 0.059094 0.983466 -1.456100 0.000000 0.000000 0.000000 1.000000
0.972345 0.142440 -0.185085 3.528500 -0.147687 0.988923 -0.014811 8.730400 0.180925 0.041736 0.982611 -1.456100 0.000000 0.000000 0.000000 1.000000
0.987978 0.030197 -0.151618 3.528500 -0.033675 0.999224 -0.020422 8.730400 0.150883 0.025282 0.988228 -1.456100 0.000000 0.000000 0.000000 1.000000
0.994702 -0.014065 -0.101830 3.528500 0.012603 0.999808 -0.014989 8.730400 0.102021 0.013626 0.994689 -1.456100 0.000000 0.000000 0.000000 1.000000
0.997682 -0.008942 -0.067465 3.528500 0.008279 0.999915 -0.010091 8.730400 0.067550 0.009509 0.997671 -1.456100 0.000000 0.000000 0.000000 1.000000
