<?xml version="1.0" encoding="utf-8"?>
<COLLADA xmlns="http://www.collada.org/2005/11/COLLADASchema" version="1.4.1">
  <asset><contributor><author>Mixamo</author><authoring_tool>COLLADA Mixamo exporter</authoring_tool><comments></comments></contributor><created>2018-10-30T17:22:58Z</created><modified>2018-10-30T17:22:58Z</modified><revision></revision><title></title><unit meter="0.010000"/><up_axis>Y_UP</up_axis></asset>
  <library_animations>
    <animation id="Hips-anim" name="Hips"><source id="Hips-Matrix-animation-input"><float_array id="Hips-Matrix-animation-input-array" count="29">

0.000000 0.033333 0.066667 0.100000 0.133333 0.166667 0.200000 0.233333 0.266667 0.300000 0.333333 0.366667 0.400000 0.433333 0.466667 0.500000
0.533333 0.566667 0.600000 0.633333 0.666667 0.700000 0.733333 0.766667 0.800000 0.833333 0.866667 0.900000 0.933333</float_array><technique_common><accessor source="#Hips-Matrix-animation-input-array" count="29"><param name="TIME" type="float"/></accessor></technique_common></source><source id="Hips-Matrix-animation-output-transform"><float_array id="Hips-Matrix-animation-output-transform-array" count="464">

0.991024 0.081668 -0.105842 0.023638 -0.075054 0.995056 0.065040 79.527397 0.110630 -0.056513 0.992254 0.950347 0.000000 0.000000 0.000000 1.000000
0.996545 0.071751 -0.041826 -0.066485 -0.069566 0.996245 0.051544 79.442467 0.045367 -0.048456 0.997795 0.361051 0.000000 0.000000 0.000000 1.000000
0.997721 0.062194 0.026167 -0.307865 -0.063254 0.997120 0.041836 79.399361 -0.023490 -0.043396 0.998782 -0.273153 0.000000 0.000000 0.000000 1.000000
0.994102 0.054778 0.093595 -0.670812 -0.058339 0.997657 0.035746 79.402321 -0.091418 -0.040995 0.994968 -1.004225 0.000000 0.000000 0.000000 1.000000
0.986842 0.046487 0.154862 -1.166292 -0.052153 0.998103 0.032729 79.569275 -0.153047 -0.040375 0.987394 -1.788223 0.000000 0.000000 0.000000 1.000000
0.977297 0.038427 0.208361 -1.729211 -0.046098 0.998422 0.032084 79.746368 -0.206799 -0.040960 0.977526 -2.561965 0.000000 0.000000 0.000000 1.000000
0.966604 0.034022 0.254008 -2.277048 -0.043812 0.998495 0.032982 79.801048 -0.252504 -0.043010 0.966640 -3.293157 0.000000 0.000000 0.000000 1.000000
0.955108 0.031199 0.294610 -2.781386 -0.043078 0.998496 0.033917 79.781456 -0.293109 -0.045086 0.955015 -3.993358 0.000000 0.000000 0.000000 1.000000
0.941687 0.025992 0.335485 -3.229316 -0.039993 0.998591 0.034892 79.804733 -0.334105 -0.046275 0.941399 -4.670655 0.000000 0.000000 0.000000 1.000000
0.925970 0.021048 0.377011 -3.557360 -0.038215 0.998542 0.038112 79.795609 -0.375659 -0.049698 0.925424 -5.303222 0.000000 0.000000 0.000000 1.000000
0.909867 0.018299 0.414495 -3.704978 -0.040115 0.998226 0.043987 79.741051 -0.412955 -0.056650 0.908988 -5.893291 0.000000 0.000000 0.000000 1.000000
0.894997 0.017594 0.445725 -3.617120 -0.045038 0.997680 0.051053 79.647301 -0.443792 -0.065767 0.893713 -6.494338 0.000000 0.000000 0.000000 1.000000
0.880266 0.017533 0.474157 -3.363112 -0.050792 0.997057 0.057427 79.471710 -0.471755 -0.074634 0.878565 -7.130069 0.000000 0.000000 0.000000 1.000000
0.862607 0.006731 0.505829 -3.196616 -0.044437 0.997054 0.062513 79.195801 -0.503919 -0.076401 0.860366 -7.697518 0.000000 0.000000 0.000000 1.000000
0.839203 -0.009021 0.543744 -3.164898 -0.033930 0.997046 0.068907 78.917671 -0.542760 -0.076277 0.836417 -8.118074 0.000000 0.000000 0.000000 1.000000
0.808187 -0.017867 0.588654 -3.150932 -0.033763 0.996490 0.076600 78.783066 -0.587957 -0.081782 0.804748 -8.408734 0.000000 0.000000 0.000000 1.000000
0.766941 -0.021537 0.641356 -3.154413 -0.040714 0.995790 0.082126 78.838661 -0.640425 -0.089098 0.762835 -8.388200 0.000000 0.000000 0.000000 1.000000
0.716960 -0.025780 0.696637 -3.155380 -0.047187 0.995229 0.085393 78.994637 -0.695515 -0.094096 0.712324 -7.969387 0.000000 0.000000 0.000000 1.000000
0.661805 -0.031088 0.749031 -3.064215 -0.052662 0.994744 0.087815 79.183052 -0.747824 -0.097562 0.656689 -7.312222 0.000000 0.000000 0.000000 1.000000
0.598966 -0.033278 0.800083 -2.888747 -0.059971 0.994466 0.086259 79.420074 -0.798526 -0.099648 0.593655 -6.569216 0.000000 0.000000 0.000000 1.000000
0.524996 -0.034627 0.850400 -2.637319 -0.065860 0.994523 0.081154 79.626617 -0.848552 -0.098613 0.519841 -5.869778 0.000000 0.000000 0.000000 1.000000
0.416882 -0.039976 0.908081 -1.859155 -0.075446 0.994063 0.078397 79.724548 -0.905824 -0.101193 0.411391 -4.560223 0.000000 0.000000 0.000000 1.000000
0.328607 -0.045600 0.943365 -1.063795 -0.079669 0.993936 0.075796 79.626152 -0.941101 -0.100064 0.322981 -3.438093 0.000000 0.000000 0.000000 1.000000
0.260300 -0.049076 0.964280 -0.330529 -0.080299 0.994147 0.072272 79.601913 -0.962183 -0.096243 0.254836 -2.333720 0.000000 0.000000 0.000000 1.000000
0.203150 -0.051420 0.977797 0.230354 -0.079079 0.994496 0.068727 79.601982 -0.975949 -0.091285 0.197965 -1.440613 0.000000 0.000000 0.000000 1.000000
0.156999 -0.053418 0.986153 0.605686 -0.076660 0.994864 0.066095 79.576897 -0.984619 -0.085976 0.152097 -0.794598 0.000000 0.000000 0.000000 1.000000
0.124951 -0.054985 0.990638 0.832871 -0.075512 0.995040 0.064754 79.549950 -0.989285 -0.082896 0.120180 -0.346724 0.000000 0.000000 0.000000 1.000000
0.115919 -0.055997 0.991679 0.931314 -0.075267 0.995044 0.064985 79.532669 -0.990403 -0.082174 0.111130 -0.069592 0.000000 0.000000 0.000000 1.000000
0.110637 -0.056645 0.992245 0.950108 -0.075038 0.995049 0.065172 79.527290 -0.991024 -0.081667 0.105839 -0.023585 0.000000 0.000000 0.000000 1.000000</float_array><technique_common><accessor source="#Hips-Matrix-animation-output-transform-array" count="29" stride="16"><param type="float4x4"/></accessor></technique_common></source><source id="Hips-Interpolations"><Name_array id="Hips-Interpolations-array" count="29">
 LINEAR LINEAR LINEAR LINEAR LINEAR LINEAR LINEAR LINEAR LINEAR LINEAR LINEAR
LINEAR LINEAR LINEAR LINEAR LINEAR LINEAR LINEAR LINEAR LINEAR LINEAR LINEAR LINEAR
LINEAR LINEAR LINEAR LINEAR LINEAR LINEAR</Name_array><technique_common><accessor source="#Hips-Interpolations-array" count="29"><param type="name"/></accessor></technique_common></source><sampler id="Hips-Matrix-animation-transform"><input semantic="INPUT" source="#Hips-Matrix-animation-input"/><input semantic="OUTPUT" source="#Hips-Matrix-animation-output-transform"/><input semantic="INTERPOLATION" source="#Hips-Interpolations"/></sampler><channel source="#Hips-Matrix-animation-transform" target="Hips/matrix"/></animation>
    <animation id="Spine-anim" name="Spine"><source id="Spine-Matrix-animation-input"><float_array id="Spine-Matrix-animation-input-array" count="29">

0.000000 0.033333 0.066667 0.100000 0.133333 0.166667 0.200000 0.233333 0.266667 0.300000 0.333333 0.366667 0.400000 0.433333 0.466667 0.500000
0.533333 0.566667 0.600000 0.633333 0.666667 0.700000 0.733333 0.766667 0.800000 0.833333 0.866667 0.900000 0.933333</float_array><technique_common><accessor source="#Spine-Matrix-animation-input-array" count="29"><param name="TIME" type="float"/></accessor></technique_common></source><source id="Spine-Matrix-animation-output-transform"><float_array id="Spine-Matrix-animation-output-transform-array" count="464">

0.997351 -0.067197 0.027858 0.009000 0.068701 0.996001 -0.057119 7.062600 -0.023908 0.058881 0.997979 -0.984700 0.000000 0.000000 0.000000 1.000000
0.997169 -0.067899 0.032298 0.009000 0.069703 0.995854 -0.058457 7.062600 -0.028195 0.060543 0.997767 -0.984700 0.000000 0.000000 0.000000 1.000000
0.997078 -0.067488 0.035778 0.009000 0.069568 0.995742 -0.060476 7.062600 -0.031544 0.062788 0.997528 -0.984700 0.000000 0.000000 0.000000 1.000000
0.997227 -0.063620 0.038623 0.009000 0.065980 0.995814 -0.063257 7.062600 -0.034437 0.065630 0.997250 -0.984700 0.000000 0.000000 0.000000 1.000000
0.997559 -0.056144 0.041531 0.009000 0.058820 0.996066 -0.066283 7.062600 -0.037646 0.068564 0.996936 -0.984700 0.000000 0.000000 0.000000 1.000000
0.997856 -0.047390 0.045137 0.009000 0.050418 0.996377 -0.068488 7.062600 -0.041728 0.070617 0.996630 -0.984700 0.000000 0.000000 0.000000 1.000000
0.998053 -0.038643 0.048965 0.009000 0.041979 0.996729 -0.069054 7.062600 -0.046136 0.070975 0.996411 -0.984700 0.000000 0.000000 0.000000 1.000000
0.998182 -0.030745 0.051849 0.009000 0.034246 0.997093 -0.068057 7.062600 -0.049606 0.069709 0.996333 -0.984700 0.000000 0.000000 0.000000 1.000000
0.998296 -0.023517 0.053398 0.009000 0.027049 0.997426 -0.066411 7.062600 -0.051698 0.067742 0.996363 -0.984700 0.000000 0.000000 0.000000 1.000000
0.998311 -0.018291 0.055146 0.009000 0.021858 0.997659 -0.064795 7.062600 -0.053832 0.065891 0.996374 -0.984700 0.000000 0.000000 0.000000 1.000000
0.998083 -0.018791 0.058962 0.009000 0.022497 0.997771 -0.062826 7.062600 -0.057650 0.064032 0.996281 -0.984700 0.000000 0.000000 0.000000 1.000000
0.997597 -0.025731 0.064331 0.009000 0.029603 0.997761 -0.059978 7.062600 -0.062644 0.061738 0.996125 -0.984700 0.000000 0.000000 0.000000 1.000000
0.997082 -0.034509 0.068092 0.009000 0.038420 0.997635 -0.056988 7.062600 -0.065964 0.059438 0.996050 -0.984700 0.000000 0.000000 0.000000 1.000000
0.997091 -0.035257 0.067576 0.009000 0.039059 0.997678 -0.055792 7.062600 -0.065452 0.058269 0.996153 -0.984700 0.000000 0.000000 0.000000 1.000000
0.997583 -0.029522 0.062909 0.009000 0.033116 0.997832 -0.056873 7.062600 -0.061094 0.058818 0.996397 -0.984700 0.000000 0.000000 0.000000 1.000000
0.997984 -0.029175 0.056367 0.009000 0.032463 0.997769 -0.058338 7.062600 -0.054539 0.060050 0.996704 -0.984700 0.000000 0.000000 0.000000 1.000000
0.998186 -0.033216 0.050222 0.009000 0.036178 0.997587 -0.059251 7.062600 -0.048133 0.060961 0.996979 -0.984700 0.000000 0.000000 0.000000 1.000000
0.998244 -0.037338 0.045994 0.009000 0.040099 0.997353 -0.060661 7.062600 -0.043607 0.062398 0.997098 -0.984700 0.000000 0.000000 0.000000 1.000000
0.998313 -0.038426 0.043525 0.009000 0.041176 0.997089 -0.064167 7.062600 -0.040933 0.065851 0.996990 -0.984700 0.000000 0.000000 0.000000 1.000000
0.998470 -0.037327 0.040804 0.009000 0.040089 0.996803 -0.069119 7.062600 -0.038093 0.070649 0.996774 -0.984700 0.000000 0.000000 0.000000 1.000000
0.998793 -0.033670 0.035770 0.009000 0.036203 0.996698 -0.072677 7.062600 -0.033205 0.073884 0.996714 -0.984700 0.000000 0.000000 0.000000 1.000000
0.999120 -0.030393 0.028913 0.009000 0.032429 0.996822 -0.072766 7.062600 -0.026609 0.073640 0.996930 -0.984700 0.000000 0.000000 0.000000 1.000000
0.999390 -0.026991 0.022158 0.009000 0.028490 0.997113 -0.070384 7.062600 -0.020194 0.070972 0.997274 -0.984700 0.000000 0.000000 0.000000 1.000000
0.999573 -0.023413 0.017456 0.009000 0.024540 0.997423 -0.067416 7.062600 -0.015833 0.067815 0.997572 -0.984700 0.000000 0.000000 0.000000 1.000000
0.999513 -0.026899 0.015793 0.009000 0.027866 0.997521 -0.064621 7.062600 -0.014016 0.065029 0.997785 -0.984700 0.000000 0.000000 0.000000 1.000000
0.999179 -0.036652 0.017247 0.009000 0.037657 0.997358 -0.062119 7.062600 -0.014925 0.062718 0.997920 -0.984700 0.000000 0.000000 0.000000 1.000000
0.998575 -0.049052 0.021010 0.009000 0.050232 0.996940 -0.059899 7.062600 -0.018007 0.060869 0.997983 -0.984700 0.000000 0.000000 0.000000 1.000000
0.997866 -0.060248 0.025191 0.009000 0.061627 0.996406 -0.058121 7.062600 -0.021598 0.059549 0.997992 -0.984700 0.000000 0.000000 0.000000 1.000000
0.997351 -0.067190 0.027857 0.009000 0.068694 0.996001 -0.057119 7.062600 -0.023907 0.058881 0.997979 -0.984700 0.000000 0.000000 0.000000 1.000000</float_array><technique_common><accessor source="#Spine-Matrix-animation-output-transform-array" count="29" stride="16"><param type="float4x4"/></accessor></technique_common></source><source id="Spine-Interpolations"><Name_array id="Spine-Interpolations-array" count="29">
 LINEAR LINEAR LINEAR LINEAR LINEAR LINEAR LINEAR LINEAR LINEAR LINEAR LINEAR
LINEAR LINEAR LINEAR LINEAR LINEAR LINEAR LINEAR LINEAR LINEAR LINEAR LINEAR LINEAR
LINEAR LINEAR LINEAR LINEAR LINEAR LINEAR</Name_array><technique_common><accessor source="#Spine-Interpolations-array" count="29"><param type="name"/></accessor></technique_common></source><sampler id="Spine-Matrix-animation-transform"><input semantic="INPUT" source="#Spine-Matrix-animation-input"/><input semantic="OUTPUT" source="#Spine-Matrix-animation-output-transform"/><input semantic="INTERPOLATION" source="#Spine-Interpolations"/></sampler><channel source="#Spine-Matrix-animation-transform" target="Spine/matrix"/></animation>
    <animation id="Spine1-anim" name="Spine1"><source id="Spine1-Matrix-animation-input"><float_array id="Spine1-Matrix-animation-input-array" count="29">

0.000000 0.033333 0.066667 0.100000 0.133333 0.166667 0.200000 0.233333 0.266667 0.300000 0.333333 0.366667 0.400000 0.433333 0.466667 0.500000
0.533333 0.566667 0.600000 0.633333 0.666667 0.700000 0.733333 0.766667 0.800000 0.833333 0.866667 0.900000 0.933333</float_array><technique_common><accessor source="#Spine1-Matrix-animation-input-array" count="29"><param name="TIME" type="float"/></accessor></technique_common></source><source id="Spine1-Matrix-animation-output-transform"><float_array id="Spine1-Matrix-animation-output-transform-array" count="464">

0.999545 -0.029509 0.006247 0.012400 0.029630 0.999357 -0.020210 8.239700 -0.005647 0.020386 0.999776 -1.148800 0.000000 0.000000 0.000000 1.000000
0.999520 -0.029662 0.008897 0.012400 0.029850 0.999317 -0.021787 8.239700 -0.008245 0.022042 0.999723 -1.148800 0.000000 0.000000 0.000000 1.000000
0.999441 -0.031550 0.011053 0.012400 0.031806 0.999212 -0.023750 8.239700 -0.010295 0.024088 0.999657 -1.148800 0.000000 0.000000 0.000000 1.000000
0.999297 -0.035023 0.013412 0.012400 0.035366 0.999028 -0.026317 8.239700 -0.012477 0.026772 0.999564 -1.148800 0.000000 0.000000 0.000000 1.000000
0.999083 -0.039473 0.016610 0.012400 0.039946 0.998777 -0.029150 8.239700 -0.015439 0.029787 0.999437 -1.148800 0.000000 0.000000 0.000000 1.000000
0.998797 -0.044439 0.020726 0.012400 0.045075 0.998492 -0.031324 8.239700 -0.019303 0.032220 0.999294 -1.148800 0.000000 0.000000 0.000000 1.000000
0.998436 -0.049989 0.025021 0.012400 0.050779 0.998197 -0.032004 8.239700 -0.023376 0.033225 0.999174 -1.148800 0.000000 0.000000 0.000000 1.000000
0.998015 -0.056228 0.028356 0.012400 0.057108 0.997879 -0.031243 8.239700 -0.026539 0.032800 0.999110 -1.148800 0.000000 0.000000 0.000000 1.000000
0.997546 -0.063046 0.030458 0.012400 0.063956 0.997505 -0.029885 8.239700 -0.028497 0.031760 0.999089 -1.148800 0.000000 0.000000 0.000000 1.000000
0.996988 -0.070326 0.032706 0.012400 0.071266 0.997050 -0.028501 8.239700 -0.030606 0.030746 0.999059 -1.148800 0.000000 0.000000 0.000000 1.000000
0.996311 -0.077561 0.036717 0.012400 0.078561 0.996554 -0.026603 8.239700 -0.034527 0.029390 0.998972 -1.148800 0.000000 0.000000 0.000000 1.000000
0.995642 -0.083237 0.042058 0.012400 0.084273 0.996166 -0.023494 8.239700 -0.039941 0.026936 0.998839 -1.148800 0.000000 0.000000 0.000000 1.000000
0.995238 -0.085820 0.046214 0.012400 0.086807 0.996029 -0.019774 8.239700 -0.044334 0.023692 0.998736 -1.148800 0.000000 0.000000 0.000000 1.000000
0.995179 -0.086060 0.047029 0.012400 0.086948 0.996065 -0.017181 8.239700 -0.045365 0.021187 0.998746 -1.148800 0.000000 0.000000 0.000000 1.000000
0.995231 -0.086843 0.044419 0.012400 0.087655 0.996011 -0.016663 8.239700 -0.042795 0.020477 0.998874 -1.148800 0.000000 0.000000 0.000000 1.000000
0.995250 -0.088901 0.039671 0.012400 0.089638 0.995825 -0.017221 8.239700 -0.037974 0.020695 0.999064 -1.148800 0.000000 0.000000 0.000000 1.000000
0.995332 -0.090032 0.034762 0.012400 0.090680 0.995726 -0.017529 8.239700 -0.033036 0.020600 0.999242 -1.148800 0.000000 0.000000 0.000000 1.000000
0.995598 -0.087976 0.032322 0.012400 0.088591 0.995903 -0.018115 8.239700 -0.030595 0.020899 0.999313 -1.148800 0.000000 0.000000 0.000000 1.000000
0.995959 -0.083337 0.033477 0.012400 0.084049 0.996251 -0.020473 8.239700 -0.031645 0.023204 0.999230 -1.148800 0.000000 0.000000 0.000000 1.000000
0.996357 -0.077945 0.034591 0.012400 0.078800 0.996600 -0.024064 8.239700 -0.032597 0.026702 0.999112 -1.148800 0.000000 0.000000 0.000000 1.000000
0.996970 -0.071868 0.029755 0.012400 0.072650 0.997017 -0.026078 8.239700 -0.027792 0.028160 0.999217 -1.148800 0.000000 0.000000 0.000000 1.000000
0.997760 -0.064157 0.018943 0.012400 0.064623 0.997595 -0.025082 8.239700 -0.017288 0.026250 0.999506 -1.148800 0.000000 0.000000 0.000000 1.000000
0.998416 -0.055569 0.008828 0.012400 0.055759 0.998180 -0.022975 8.239700 -0.007535 0.023431 0.999697 -1.148800 0.000000 0.000000 0.000000 1.000000
0.998832 -0.048190 0.003464 0.012400 0.048254 0.998595 -0.021889 8.239700 -0.002405 0.022031 0.999754 -1.148800 0.000000 0.000000 0.000000 1.000000
0.999074 -0.043000 0.001450 0.012400 0.043022 0.998837 -0.021780 8.239700 -0.000512 0.021822 0.999762 -1.148800 0.000000 0.000000 0.000000 1.000000
0.999234 -0.039124 0.001144 0.012400 0.039139 0.998999 -0.021640 8.239700 -0.000296 0.021669 0.999765 -1.148800 0.000000 0.000000 0.000000 1.000000
0.999373 -0.035335 0.002356 0.012400 0.035377 0.999152 -0.021077 8.239700 -0.001609 0.021147 0.999775 -1.148800 0.000000 0.000000 0.000000 1.000000
0.999487 -0.031717 0.004489 0.012400 0.031802 0.999284 -0.020474 8.239700 -0.003836 0.020607 0.999780 -1.148800 0.000000 0.000000 0.000000 1.000000
0.999544 -0.029528 0.006253 0.012400 0.029648 0.999356 -0.020210 8.239700 -0.005652 0.020386 0.999776 -1.148800 0.000000 0.000000 0.000000 1.000000</float_array><technique_common><accessor source="#Spine1-Matrix-animation-output-transform-array" count="29" stride="16"><param type="float4x4"/></accessor></technique_common></source><source id="Spine1-Interpolations"><Name_array id="Spine1-Interpolations-array" count="29">
 LINEAR LINEAR LINEAR LINEAR LINEAR LINEAR LINEAR LINEAR LINEAR LINEAR LINEAR
LINEAR LINEAR LINEAR LINEAR LINEAR LINEAR LINEAR LINEAR LINEAR LINEAR LINEAR LINEAR
LINEAR LINEAR LINEAR LINEAR LINEAR LINEAR</Name_array><technique_common><accessor source="#Spine1-Interpolations-array" count="29"><param type="name"/></accessor></technique_common></source><sampler id="Spine1-Matrix-animation-transform"><input semantic="INPUT" source="#Spine1-Matrix-animation-input"/><input semantic="OUTPUT" source="#Spine1-Matrix-animation-output-transform"/><input semantic="INTERPOLATION" source="#Spine1-Interpolations"/></sampler><channel source="#Spine1-Matrix-animation-transform" target="Spine1/matrix"/></animation>
    <animation id="Spine2-anim" name="Spine2"><source id="Spine2-Matrix-animation-input"><float_array id="Spine2-Matrix-animation-input-array" count="29">

0.000000 0.033333 0.066667 0.100000 0.133333 0.166667 0.200000 0.233333 0.266667 0.300000 0.333333 0.366667 0.400000 0.433333 0.466667 0.500000
0.533333 0.566667 0.600000 0.633333 0.666667 0.700000 0.733333 0.766667 0.800000 0.833333 0.866667 0.900000 0.933333</float_array><technique_common><accessor source="#Spine2-Matrix-animation-input-array" count="29"><param name="TIME" type="float"/></accessor></technique_common></source><source id="Spine2-Matrix-animation-output-transform"><float_array id="Spine2-Matrix-animation-output-transform-array" count="464">

0.999539 -0.029606 0.006693 0.014200 0.029733 0.999363 -0.019752 9.416800 -0.006104 0.019942 0.999783 -1.313000 0.000000 0.000000 0.000000 1.000000
0.999539 -0.028896 0.009360 0.014200 0.029089 0.999351 -0.021262 9.416800 -0.008740 0.021524 0.999730 -1.313000 0.000000 0.000000 0.000000 1.000000
0.999521 -0.028765 0.011409 0.014200 0.029023 0.999310 -0.023167 9.416800 -0.010734 0.023487 0.999667 -1.313000 0.000000 0.000000 0.000000 1.000000
0.999488 -0.029012 0.013482 0.014200 0.029351 0.999239 -0.025694 9.416800 -0.012726 0.026077 0.999579 -1.313000 0.000000 0.000000 0.000000 1.000000
0.999443 -0.029175 0.016211 0.014200 0.029629 0.999154 -0.028511 9.416800 -0.015365 0.028975 0.999462 -1.313000 0.000000 0.000000 0.000000 1.000000
0.999381 -0.029127 0.019707 0.014200 0.029723 0.999087 -0.030689 9.416800 -0.018795 0.031256 0.999335 -1.313000 0.000000 0.000000 0.000000 1.000000
0.999306 -0.029065 0.023277 0.014200 0.029790 0.999063 -0.031394 9.416800 -0.022343 0.032065 0.999236 -1.313000 0.000000 0.000000 0.000000 1.000000
0.999241 -0.029174 0.025824 0.014200 0.029962 0.999080 -0.030679 9.416800 -0.024906 0.031429 0.999196 -1.313000 0.000000 0.000000 0.000000 1.000000
0.999195 -0.029567 0.027111 0.014200 0.030362 0.999107 -0.029391 9.416800 -0.026218 0.030191 0.999200 -1.313000 0.000000 0.000000 0.000000 1.000000
0.999132 -0.030345 0.028538 0.014200 0.031147 0.999120 -0.028100 9.416800 -0.027660 0.028965 0.999198 -1.313000 0.000000 0.000000 0.000000 1.000000
0.999008 -0.031234 0.031736 0.014200 0.032074 0.999139 -0.026319 9.416800 -0.030886 0.027311 0.999150 -1.313000 0.000000 0.000000 0.000000 1.000000
0.998863 -0.030901 0.036301 0.014200 0.031761 0.999223 -0.023352 9.416800 -0.035551 0.024478 0.999068 -1.313000 0.000000 0.000000 0.000000 1.000000
0.998817 -0.027948 0.039782 0.014200 0.028753 0.999391 -0.019796 9.416800 -0.039205 0.020916 0.999012 -1.313000 0.000000 0.000000 0.000000 1.000000
0.998926 -0.023261 0.040082 0.014200 0.023973 0.999562 -0.017373 9.416800 -0.039661 0.018315 0.999045 -1.313000 0.000000 0.000000 0.000000 1.000000
0.999114 -0.019822 0.037127 0.014200 0.020465 0.999646 -0.017010 9.416800 -0.036777 0.017755 0.999166 -1.313000 0.000000 0.000000 0.000000 1.000000
0.999315 -0.018414 0.032107 0.014200 0.018990 0.999663 -0.017724 9.416800 -0.031770 0.018322 0.999327 -1.313000 0.000000 0.000000 0.000000 1.000000
0.999490 -0.017218 0.026900 0.014200 0.017712 0.999677 -0.018251 9.416800 -0.026577 0.018719 0.999471 -1.313000 0.000000 0.000000 0.000000 1.000000
0.999593 -0.015115 0.024203 0.014200 0.015581 0.999694 -0.019189 9.416800 -0.023905 0.019558 0.999523 -1.313000 0.000000 0.000000 0.000000 1.000000
0.999578 -0.014075 0.025413 0.014200 0.014635 0.999651 -0.021975 9.416800 -0.025095 0.022337 0.999435 -1.313000 0.000000 0.000000 0.000000 1.000000
0.999504 -0.016024 0.027118 0.014200 0.016724 0.999527 -0.025790 9.416800 -0.026692 0.026231 0.999299 -1.313000 0.000000 0.000000 0.000000 1.000000
0.999534 -0.019682 0.023352 0.014200 0.020323 0.999414 -0.027542 9.416800 -0.022796 0.028003 0.999348 -1.313000 0.000000 0.000000 0.000000 1.000000
0.999646 -0.022724 0.013861 0.014200 0.023077 0.999397 -0.025934 9.416800 -0.013263 0.026244 0.999568 -1.313000 0.000000 0.000000 0.000000 1.000000
0.999670 -0.025154 0.005204 0.014200 0.025268 0.999410 -0.023280 9.416800 -0.004615 0.023404 0.999715 -1.313000 0.000000 0.000000 0.000000 1.000000
0.999598 -0.028310 0.001397 0.014200 0.028334 0.999359 -0.021864 9.416800 -0.000777 0.021894 0.999760 -1.313000 0.000000 0.000000 0.000000 1.000000
0.999490 -0.031921 0.000767 0.014200 0.031930 0.999258 -0.021547 9.416800 -0.000079 0.021561 0.999768 -1.313000 0.000000 0.000000 0.000000 1.000000
0.999420 -0.034020 0.001335 0.014200 0.034041 0.999195 -0.021244 9.416800 -0.000611 0.021277 0.999773 -1.313000 0.000000 0.000000 0.000000 1.000000
0.999437 -0.033429 0.002854 0.014200 0.033481 0.999227 -0.020608 9.416800 -0.002163 0.020692 0.999784 -1.313000 0.000000 0.000000 0.000000 1.000000
0.999500 -0.031214 0.004975 0.014200 0.031307 0.999310 -0.020000 9.416800 -0.004347 0.020145 0.999788 -1.313000 0.000000 0.000000 0.000000 1.000000
0.999540 -0.029575 0.006683 0.014200 0.029702 0.999364 -0.019752 9.416800 -0.006095 0.019942 0.999783 -1.313000 0.000000 0.000000 0.000000 1.000000</float_array><technique_common><accessor source="#Spine2-Matrix-animation-output-transform-array" count="29" stride="16"><param type="float4x4"/></accessor></technique_common></source><source id="Spine2-Interpolations"><Name_array id="Spine2-Interpolations-array" count="29">
 LINEAR LINEAR LINEAR LINEAR LINEAR LINEAR LINEAR LINEAR LINEAR LINEAR LINEAR
LINEAR LINEAR LINEAR LINEAR LINEAR LINEAR LINEAR LINEAR LINEAR LINEAR LINEAR LINEAR
LINEAR LINEAR LINEAR LINEAR LINEAR LINEAR</Name_array><technique_common><accessor source="#Spine2-Interpolations-array" count="29"><param type="name"/></accessor></technique_common></source><sampler id="Spine2-Matrix-animation-transform"><input semantic="INPUT" source="#Spine2-Matrix-animation-input"/><input semantic="OUTPUT" source="#Spine2-Matrix-animation-output-transform"/><input semantic="INTERPOLATION" source="#Spine2-Interpolations"/></sampler><channel source="#Spine2-Matrix-animation-transform" target="Spine2/matrix"/></animation>
    <animation id="Neck-anim" name="Neck"><source id="Neck-Matrix-animation-input"><float_array id="Neck-Matrix-animation-input-array" count="29">

0.000000 0.033333 0.066667 0.100000 0.133333 0.166667 0.200000 0.233333 0.266667 0.300000 0.333333 0.366667 0.400000 0.433333 0.466667 0.500000
0.533333 0.566667 0.600000 0.633333 0.666667 0.700000 0.733333 0.766667 0.800000 0.833333 0.866667 0.900000 0.933333</float_array><technique_common><accessor source="#Neck-Matrix-animation-input-array" count="29"><param name="TIME" type="float"/></accessor></technique_common></source><source id="Neck-Matrix-animation-output-transform"><float_array id="Neck-Matrix-animation-output-transform-array" count="464">

0.999968 -0.007936 -0.001378 0.016000 0.007762 0.995152 -0.098040 10.593800 0.002150 0.098026 0.995182 -1.477100 0.000000 0.000000 0.000000 1.000000
0.999941 -0.001752 0.010689 0.016000 0.002773 0.995353 -0.096248 10.593800 -0.010470 0.096272 0.995300 -1.477100 0.000000 0.000000 0.000000 1.000000
0.999471 0.007755 0.031596 0.016000 -0.004585 0.995057 -0.099204 10.593800 -0.032210 0.099007 0.994565 -1.477100 0.000000 0.000000 0.000000 1.000000
0.998048 0.019181 0.059433 0.016000 -0.012739 0.994185 -0.106931 10.593800 -0.061138 0.105965 0.992489 -1.477100 0.000000 0.000000 0.000000 1.000000
0.995491 0.030183 0.089923 0.016000 -0.019480 0.992869 -0.117607 10.593800 -0.092831 0.115325 0.988981 -1.477100 0.000000 0.000000 0.000000 1.000000
0.992328 0.038551 0.117466 0.016000 -0.023337 0.991469 -0.128238 10.593800 -0.121407 0.124513 0.984762 -1.477100 0.000000 0.000000 0.000000 1.000000
0.989503 0.043529 0.137798 0.016000 -0.024568 0.990346 -0.136420 10.593800 -0.142406 0.131603 0.981021 -1.477100 0.000000 0.000000 0.000000 1.000000
0.987637 0.045871 0.149898 0.016000 -0.024540 0.989681 -0.141173 10.593800 -0.154827 0.135750 0.978571 -1.477100 0.000000 0.000000 0.000000 1.000000
0.986706 0.046874 0.155610 0.016000 -0.024453 0.989422 -0.142990 10.593800 -0.160666 0.137284 0.977415 -1.477100 0.000000 0.000000 0.000000 1.000000
0.986443 0.047392 0.157110 0.016000 -0.024701 0.989363 -0.143355 10.593800 -0.162233 0.137531 0.977121 -1.477100 0.000000 0.000000 0.000000 1.000000
0.986672 0.047704 0.155573 0.016000 -0.025159 0.989289 -0.143787 10.593800 -0.160766 0.137957 0.977304 -1.477100 0.000000 0.000000 0.000000 1.000000
0.987254 0.047804 0.151804 0.016000 -0.025659 0.989155 -0.144614 10.593800 -0.157071 0.138876 0.977774 -1.477100 0.000000 0.000000 0.000000 1.000000
0.988068 0.047159 0.146623 0.016000 -0.025747 0.989149 -0.144640 10.593800 -0.151853 0.139139 0.978561 -1.477100 0.000000 0.000000 0.000000 1.000000
0.989087 0.044645 0.140406 0.016000 -0.024415 0.989475 -0.142628 10.593800 -0.145296 0.137644 0.979767 -1.477100 0.000000 0.000000 0.000000 1.000000
0.990331 0.039911 0.132856 0.016000 -0.021246 0.990058 -0.139049 10.593800 -0.137084 0.134882 0.981333 -1.477100 0.000000 0.000000 0.000000 1.000000
0.991750 0.034477 0.123463 0.016000 -0.017560 0.990612 -0.135573 10.593800 -0.126978 0.132286 0.983045 -1.477100 0.000000 0.000000 0.000000 1.000000
0.993239 0.030036 0.112131 0.016000 -0.014970 0.991022 -0.132856 10.593800 -0.115115 0.130279 0.984772 -1.477100 0.000000 0.000000 0.000000 1.000000
0.994713 0.026224 0.099287 0.016000 -0.013183 0.991454 -0.129790 10.593800 -0.101842 0.127795 0.986558 -1.477100 0.000000 0.000000 0.000000 1.000000
0.996113 0.021439 0.085434 0.016000 -0.010618 0.992080 -0.125156 10.593800 -0.087441 0.123762 0.988452 -1.477100 0.000000 0.000000 0.000000 1.000000
0.997371 0.015052 0.070878 0.016000 -0.006524 0.992868 -0.119039 10.593800 -0.072165 0.118263 0.990357 -1.477100 0.000000 0.000000 0.000000 1.000000
0.998406 0.007779 0.055906 0.016000 -0.001447 0.993660 -0.112420 10.593800 -0.056426 0.112160 0.992087 -1.477100 0.000000 0.000000 0.000000 1.000000
0.999156 0.000800 0.041078 0.016000 0.003575 0.994325 -0.106327 10.593800 -0.040930 0.106384 0.993482 -1.477100 0.000000 0.000000 0.000000 1.000000
0.999613 -0.004665 0.027427 0.016000 0.007432 0.994792 -0.101654 10.593800 -0.026810 0.101819 0.994442 -1.477100 0.000000 0.000000 0.000000 1.000000
0.999838 -0.007712 0.016261 0.016000 0.009285 0.995045 -0.098988 10.593800 -0.015417 0.099123 0.994956 -1.477100 0.000000 0.000000 0.000000 1.000000
0.999929 -0.008513 0.008361 0.016000 0.009293 0.995133 -0.098100 10.593800 -0.007485 0.098170 0.995141 -1.477100 0.000000 0.000000 0.000000 1.000000
0.999960 -0.008258 0.003478 0.016000 0.008559 0.995145 -0.098043 10.593800 -0.002651 0.098069 0.995176 -1.477100 0.000000 0.000000 0.000000 1.000000
0.999968 -0.007986 0.000735 0.016000 0.008019 0.995150 -0.098044 10.593800 0.000052 0.098046 0.995182 -1.477100 0.000000 0.000000 0.000000 1.000000
0.999968 -0.007943 -0.000724 0.016000 0.007833 0.995151 -0.098044 10.593800 0.001499 0.098035 0.995182 -1.477100 0.000000 0.000000 0.000000 1.000000
0.999968 -0.007943 -0.001362 0.016000 0.007771 0.995152 -0.098043 10.593800 0.002134 0.098030 0.995181 -1.477100 0.000000 0.000000 0.000000 1.000000</float_array><technique_common><accessor source="#Neck-Matrix-animation-output-transform-array" count="29" stride="16"><param type="float4x4"/></accessor></technique_common></source><source id="Neck-Interpolations"><Name_array id="Neck-Interpolations-array" count="29">
 LINEAR LINEAR LINEAR LINEAR LINEAR LINEAR LINEAR LINEAR LINEAR LINEAR LINEAR
LINEAR LINEAR LINEAR LINEAR LINEAR LINEAR LINEAR LINEAR LINEAR LINEAR LINEAR LINEAR
LINEAR LINEAR LINEAR LINEAR LINEAR LINEAR</Name_array><technique_common><accessor source="#Neck-Interpolations-array" count="29"><param type="name"/></accessor></technique_common></source><sampler id="Neck-Matrix-animation-transform"><input semantic="INPUT" source="#Neck-Matrix-animation-input"/><input semantic="OUTPUT" source="#Neck-Matrix-animation-output-transform"/><input semantic="INTERPOLATION" source="#Neck-Interpolations"/></sampler><channel source="#Neck-Matrix-animation-transform" target="Neck/matrix"/></animation>
    <animation id="Head-anim" name="Head"><source id="Head-Matrix-animation-input"><float_array id="Head-Matrix-animation-input-array" count="29">

0.000000 0.033333 0.066667 0.100000 0.133333 0.166667 0.200000 0.233333 0.266667 0.300000 0.333333 0.366667 0.400000 0.433333 0.466667 0.500000
0.533333 0.566667 0.600000 0.633333 0.666667 0.700000 0.733333 0.766667 0.800000 0.833333 0.866667 0.900000 0.933333</float_array><technique_common><accessor source="#Head-Matrix-animation-input-array" count="29"><param name="TIME" type="float"/></accessor></technique_common></source><source id="Head-Matrix-animation-output-transform"><float_array id="Head-Matrix-animation-output-transform-array" count="464">

0.999711 0.001406 0.024009 -0.000000 -0.004554 0.991295 0.131584 5.056400 -0.023615 -0.131656 0.991014 0.719600 0.000000 0.000000 0.000000 1.000000
0.997986 0.011224 0.062438 0.000000 -0.019709 0.990375 0.137000 5.056400 -0.060300 -0.137955 0.988601 0.719600 0.000000 0.000000 0.000000 1.000000
0.992694 0.025291 0.117982 0.000000 -0.041145 0.990134 0.133946 5.056400 -0.113430 -0.137821 0.983940 0.719600 0.000000 0.000000 0.000000 1.000000
0.981562 0.041968 0.186478 0.000000 -0.065120 0.990658 0.119819 5.056400 -0.179707 -0.129753 0.975125 0.719600 0.000000 0.000000 0.000000 1.000000
0.963976 0.058955 0.259373 0.000000 -0.086009 0.991829 0.094218 5.056400 -0.251699 -0.113133 0.961171 0.719600 0.000000 0.000000 0.000000 1.000000
0.942349 0.074728 0.326180 0.000000 -0.100215 0.993031 0.062023 5.056400 -0.319272 -0.091135 0.943271 0.719600 0.000000 0.000000 0.000000 1.000000
0.920984 0.088925 0.379315 0.000000 -0.108913 0.993551 0.031520 5.056400 -0.374066 -0.070342 0.924730 0.719600 0.000000 0.000000 0.000000 1.000000
0.903345 0.101817 0.416655 -0.000000 -0.115963 0.993215 0.008707 5.056400 -0.412942 -0.056182 0.909023 0.719600 0.000000 0.000000 0.000000 1.000000
0.890664 0.113748 0.440203 0.000000 -0.123882 0.992280 -0.005755 5.056400 -0.437459 -0.049408 0.897880 0.719600 0.000000 0.000000 0.000000 1.000000
0.883032 0.124371 0.452533 0.000000 -0.132333 0.991104 -0.014164 5.056400 -0.450269 -0.047378 0.891635 0.719600 0.000000 0.000000 0.000000 1.000000
0.879937 0.132828 0.456145 0.000000 -0.139635 0.990022 -0.018924 5.056400 -0.454107 -0.047042 0.889704 0.719600 0.000000 0.000000 0.000000 1.000000
0.879848 0.138580 0.454602 0.000000 -0.144555 0.989257 -0.021788 5.056400 -0.452738 -0.046545 0.890428 0.719600 0.000000 0.000000 0.000000 1.000000
0.880883 0.141815 0.451590 0.000000 -0.147071 0.988843 -0.023651 5.056400 -0.449905 -0.045582 0.891912 0.719600 0.000000 0.000000 0.000000 1.000000
0.881953 0.143726 0.448889 0.000000 -0.148739 0.988578 -0.024292 5.056400 -0.447254 -0.045343 0.893257 0.719600 0.000000 0.000000 0.000000 1.000000
0.883319 0.146254 0.445372 0.000000 -0.152179 0.988093 -0.022654 5.056400 -0.443383 -0.047765 0.895059 0.719600 0.000000 0.000000 0.000000 1.000000
0.886645 0.150148 0.437397 0.000000 -0.158387 0.987216 -0.017822 5.056400 -0.434481 -0.053476 0.899092 0.719600 0.000000 0.000000 0.000000 1.000000
0.894120 0.152717 0.420984 0.000000 -0.163931 0.986424 -0.009666 5.056400 -0.416745 -0.060370 0.907017 0.719600 0.000000 0.000000 0.000000 1.000000
0.906816 0.148902 0.394350 0.000000 -0.162851 0.986649 0.001932 5.056400 -0.388798 -0.065972 0.918958 0.719600 0.000000 0.000000 0.000000 1.000000
0.923663 0.135907 0.358296 0.000000 -0.152236 0.988187 0.017619 5.056400 -0.351669 -0.070819 0.933442 0.719600 0.000000 0.000000 0.000000 1.000000
0.941940 0.115777 0.315189 0.000000 -0.134143 0.990266 0.037136 5.056400 -0.307822 -0.077260 0.948302 0.719600 0.000000 0.000000 0.000000 1.000000
0.959011 0.092686 0.267782 0.000000 -0.112188 0.991967 0.058433 5.056400 -0.260215 -0.086080 0.961706 0.719600 0.000000 0.000000 0.000000 1.000000
0.973387 0.069691 0.218311 -0.000000 -0.088795 0.992917 0.078942 5.056400 -0.211264 -0.096226 0.972681 0.719600 0.000000 0.000000 0.000000 1.000000
0.984409 0.048838 0.168979 0.000000 -0.065863 0.993136 0.096654 5.056400 -0.163098 -0.106277 0.980869 0.719600 0.000000 0.000000 0.000000 1.000000
0.991875 0.032041 0.123119 -0.000000 -0.045759 0.992849 0.110260 5.056400 -0.118706 -0.114998 0.986248 0.719600 0.000000 0.000000 0.000000 1.000000
0.996189 0.020190 0.084849 -0.000000 -0.030284 0.992383 0.119409 5.056400 -0.081792 -0.121524 0.989213 0.719600 0.000000 0.000000 0.000000 1.000000
0.998305 0.012382 0.056874 0.000000 -0.019423 0.991970 0.124970 5.056400 -0.054870 -0.125863 0.990529 0.719600 0.000000 0.000000 0.000000 1.000000
0.999216 0.007052 0.038956 0.000000 -0.012004 0.991651 0.128387 5.056400 -0.037725 -0.128754 0.990959 0.719600 0.000000 0.000000 0.000000 1.000000
0.999582 0.003371 0.028720 0.000000 -0.007092 0.991427 0.130467 5.056400 -0.028034 -0.130616 0.991037 0.719600 0.000000 0.000000 0.000000 1.000000
0.999711 0.001385 0.024020 -0.000000 -0.004534 0.991299 0.131548 5.056400 -0.023629 -0.131618 0.991019 0.719600 0.000000 0.000000 0.000000 1.000000</float_array><technique_common><accessor source="#Head-Matrix-animation-output-transform-array" count="29" stride="16"><param type="float4x4"/></accessor></technique_common></source><source id="Head-Interpolations"><Name_array id="Head-Interpolations-array" count="29">
 LINEAR LINEAR LINEAR LINEAR LINEAR LINEAR LINEAR LINEAR LINEAR LINEAR LINEAR
LINEAR LINEAR LINEAR LINEAR LINEAR LINEAR LINEAR LINEAR LINEAR LINEAR LINEAR LINEAR
LINEAR LINEAR LINEAR LINEAR LINEAR LINEAR</Name_array><technique_common><accessor source="#Head-Interpolations-array" count="29"><param type="name"/></accessor></technique_common></source><sampler id="Head-Matrix-animation-transform"><input semantic="INPUT" source="#Head-Matrix-animation-input"/><input semantic="OUTPUT" source="#Head-Matrix-animation-output-transform"/><input semantic="INTERPOLATION" source="#Head-Interpolations"/></sampler><channel source="#Head-Matrix-animation-transform" target="Head/matrix"/></animation>
    <animation id="LeftShoulder-anim" name="LeftShoulder"><source id="LeftShoulder-Matrix-animation-input"><float_array id="LeftShoulder-Matrix-animation-input-array" count="29">

0.000000 0.033333 0.066667 0.100000 0.133333 0.166667 0.200000 0.233333 0.266667 0.300000 0.333333 0.366667 0.400000 0.433333 0.466667 0.500000
0.533333 0.566667 0.600000 0.633333 0.666667 0.700000 0.733333 0.766667 0.800000 0.833333 0.866667 0.900000 0.933333</float_array><technique_common><accessor source="#LeftShoulder-Matrix-animation-input-array" count="29"><param name="TIME" type="float"/></accessor></technique_common></source><source id="LeftShoulder-Matrix-animation-output-transform"><float_array id="LeftShoulder-Matrix-animation-output-transform-array" count="464">

0.931712 0.205107 -0.299741 3.528500 -0.220317 0.975272 -0.017473 8.730400 0.288745 0.082318 0.953860 -1.456100 0.000000 0.000000 0.000000 1.000000
0.930207 0.209015 -0.301706 3.528500 -0.224302 0.974380 -0.016528 8.730400 0.290522 0.083048 0.953258 -1.456100 0.000000 0.000000 0.000000 1.000000
0.927883 0.215430 -0.304342 3.528500 -0.230807 0.972884 -0.015028 8.730400 0.292852 0.084188 0.952444 -1.456100 0.000000 0.000000 0.000000 1.000000
0.925368 0.223199 -0.306392 3.528500 -0.238602 0.971027 -0.013261 8.730400 0.294555 0.085377 0.951813 -1.456100 0.000000 0.000000 0.000000 1.000000
0.923349 0.230824 -0.306834 3.528500 -0.246143 0.969164 -0.011633 8.730400 0.294687 0.086266 0.951692 -1.456100 0.000000 0.000000 0.000000 1.000000
0.921926 0.237866 -0.305731 3.528500 -0.253017 0.967407 -0.010303 8.730400 0.293316 0.086853 0.952062 -1.456100 0.000000 0.000000 0.000000 1.000000
0.920648 0.245184 -0.303797 3.528500 -0.260131 0.965531 -0.009074 8.730400 0.291100 0.087381 0.952694 -1.456100 0.000000 0.000000 0.000000 1.000000
0.919094 0.253350 -0.301795 3.528500 -0.268078 0.963366 -0.007687 8.730400 0.288792 0.087969 0.953342 -1.456100 0.000000 0.000000 0.000000 1.000000
0.917132 0.261807 -0.300543 3.528500 -0.276335 0.961042 -0.006084 8.730400 0.287241 0.088630 0.953749 -1.456100 0.000000 0.000000 0.000000 1.000000
0.915028 0.270050 -0.299662 3.528500 -0.284475 0.958672 -0.004715 8.730400 0.286004 0.089561 0.954034 -1.456100 0.000000 0.000000 0.000000 1.000000
0.913646 0.278881 -0.295763 3.528500 -0.293371 0.955987 -0.004836 8.730400 0.281397 0.091186 0.955249 -1.456100 0.000000 0.000000 0.000000 1.000000
0.914015 0.289541 -0.284151 3.528500 -0.304239 0.952562 -0.008000 8.730400 0.268355 0.093762 0.958746 -1.456100 0.000000 0.000000 0.000000 1.000000
0.916414 0.301501 -0.263217 3.528500 -0.316340 0.948529 -0.014877 8.730400 0.245184 0.096900 0.964622 -1.456100 0.000000 0.000000 0.000000 1.000000
0.920196 0.312270 -0.236064 3.528500 -0.326903 0.944738 -0.024574 8.730400 0.215344 0.099783 0.971427 -1.456100 0.000000 0.000000 0.000000 1.000000
0.924130 0.320314 -0.208286 3.528500 -0.334350 0.941795 -0.035113 8.730400 0.184915 0.102089 0.977438 -1.456100 0.000000 0.000000 0.000000 1.000000
0.926842 0.327147 -0.184224 3.528500 -0.340469 0.939172 -0.045127 8.730400 0.158255 0.104548 0.981848 -1.456100 0.000000 0.000000 0.000000 1.000000
0.927689 0.335233 -0.164355 3.528500 -0.347947 0.935898 -0.055020 8.730400 0.135375 0.108228 0.984866 -1.456100 0.000000 0.000000 0.000000 1.000000
0.927011 0.345152 -0.146699 3.528500 -0.357286 0.931682 -0.065689 8.730400 0.114004 0.113308 0.986998 -1.456100 0.000000 0.000000 0.000000 1.000000
0.925375 0.355767 -0.130812 3.528500 -0.367202 0.926990 -0.076501 8.730400 0.094044 0.118826 0.988451 -1.456100 0.000000 0.000000 0.000000 1.000000
