<?xml version="1.0" encoding="utf-8"?>
<COLLADA xmlns="http://www.collada.org/2005/11/COLLADASchema" version="1.4.1">
  <asset><contributor><author>Mixamo</author><authoring_tool>COLLADA Mixamo exporter</authoring_tool><comments></comments></contributor><created>2018-10-30T16:29:37Z</created><modified>2018-10-30T16:29:37Z</modified><revision></revision><title></title><unit meter="0.010000"/><up_axis>Y_UP</up_axis></asset>
  <library_animations>
    <animation id="Hips-anim" name="Hips"><source id="Hips-Matrix-animation-input"><float_array id="Hips-Matrix-animation-input-array" count="288">

0.000000 0.033333 0.066667 0.100000 0.133333 0.166667 0.200000 0.233333 0.266667 0.300000 0.333333 0.366667 0.400000 0.433333 0.466667 0.500000
0.533333 0.566667 0.600000 0.633333 0.666667 0.700000 0.733333 0.766667 0.800000 0.833333 0.866667 0.900000 0.933333 0.966667 1.000000 1.033333
1.066667 1.100000 1.133333 1.166667 1.200000 1.233333 1.266667 1.300000 1.333333 1.366667 1.400000 1.433333 1.466667 1.500000 1.533333 1.566667
1.600000 1.633333 1.666667 1.700000 1.733333 1.766667 1.800000 1.833333 1.866667 1.900000 1.933333 1.966667 2.000000 2.033333 2.066667 2.100000
2.133333 2.166667 2.200000 2.233333 2.266667 2.300000 2.333333 2.366667 2.400000 2.433333 2.466667 2.500000 2.533333 2.566667 2.600000 2.633333
2.666667 2.700000 2.733333 2.766667 2.800000 2.833333 2.866667 2.900000 2.933333 2.966667 3.000000 3.033333 3.066667 3.100000 3.133333 3.166667
3.200000 3.233333 3.266667 3.300000 3.333333 3.366667 3.400000 3.433333 3.466667 3.500000 3.533333 3.566667 3.600000 3.633333 3.666667 3.700000
3.733333 3.766667 3.800000 3.833333 3.866667 3.900000 3.933333 3.966667 4.000000 4.033333 4.066667 4.100000 4.133333 4.166667 4.200000 4.233333
4.266667 4.300000 4.333333 4.366667 4.400000 4.433333 4.466667 4.500000 4.533333 4.566667 4.600000 4.633333 4.666667 4.700000 4.733333 4.766667
4.800000 4.833333 4.866667 4.900000 4.933333 4.966667 5.000000 5.033333 5.066667 5.100000 5.133333 5.166667 5.200000 5.233333 5.266667 5.300000
5.333333 5.366667 5.400000 5.433333 5.466667 5.500000 5.533333 5.566667 5.600000 5.633333 5.666667 5.700000 5.733333 5.766667 5.800000 5.833333
5.866667 5.900000 5.933333 5.966667 6.000000 6.033333 6.066667 6.100000 6.133333 6.166667 6.200000 6.233333 6.266667 6.300000 6.333333 6.366667
6.400000 6.433333 6.466667 6.500000 6.533333 6.566667 6.600000 6.633333 6.666667 6.700000 6.733333 6.766667 6.800000 6.833333 6.866667 6.900000
6.933333 6.966667 7.000000 7.033333 7.066667 7.100000 7.133333 7.166667 7.200000 7.233333 7.266667 7.300000 7.333333 7.366667 7.400000 7.433333
7.466667 7.500000 7.533333 7.566667 7.600000 7.633333 7.666667 7.700000 7.733333 7.766667 7.800000 7.833333 7.866667 7.900000 7.933333 7.966667
8.000000 8.033333 8.066667 8.100000 8.133333 8.166667 8.200000 8.233333 8.266667 8.300000 8.333333 8.366667 8.400000 8.433333 8.466667 8.500000
8.533333 8.566667 8.600000 8.633333 8.666667 8.700000 8.733333 8.766667 8.800000 8.833333 8.866667 8.900000 8.933333 8.966667 9.000000 9.033333
9.066667 9.100000 9.133333 9.166667 9.200000 9.233333 9.266667 9.300000 9.333333 9.366667 9.400000 9.433333 9.466667 9.500000 9.533333 9.566667</float_array><technique_common><accessor source="#Hips-Matrix-animation-input-array" count="288"><param name="TIME" type="float"/></accessor></technique_common></source><source id="Hips-Matrix-animation-output-transform"><float_array id="Hips-Matrix-animation-output-transform-array" count="4608">

0.999912 0.013220 0.001263 -0.100753 -0.013280 0.995611 0.092637 79.048851 -0.000032 -0.092645 0.995699 1.562702 0.000000 0.000000 0.000000 1.000000
0.999922 0.012436 0.001080 -0.109114 -0.012483 0.995636 0.092485 79.044617 0.000075 -0.092491 0.995713 1.568696 0.000000 0.000000 0.000000 1.000000
0.999930 0.011796 0.000915 -0.119144 -0.011830 0.995635 0.092574 79.038437 0.000181 -0.092579 0.995705 1.567105 0.000000 0.000000 0.000000 1.000000
0.999935 0.011356 0.000694 -0.129669 -0.011372 0.995585 0.093171 79.028267 0.000367 -0.093173 0.995650 1.557718 0.000000 0.000000 0.000000 1.000000
0.999939 0.011054 0.000268 -0.139652 -0.011030 0.995486 0.094265 79.013290 0.000776 -0.094262 0.995547 1.542566 0.000000 0.000000 0.000000 1.000000
0.999942 0.010757 -0.000517 -0.149027 -0.010658 0.995366 0.095563 78.996117 0.001542 -0.095552 0.995423 1.523764 0.000000 0.000000 0.000000 1.000000
0.999945 0.010326 -0.001684 -0.159190 -0.010116 0.995275 0.096571 78.980858 0.002673 -0.096548 0.995325 1.501515 0.000000 0.000000 0.000000 1.000000
0.999948 0.009732 -0.003030 -0.172436 -0.009394 0.995267 0.096724 78.969147 0.003957 -0.096691 0.995307 1.473156 0.000000 0.000000 0.000000 1.000000
0.999948 0.009221 -0.004265 -0.190284 -0.008771 0.995377 0.095643 78.959084 0.005127 -0.095600 0.995407 1.433097 0.000000 0.000000 0.000000 1.000000
0.999943 0.009276 -0.005246 -0.212826 -0.008745 0.995587 0.093432 78.947647 0.006089 -0.093381 0.995612 1.374413 0.000000 0.000000 0.000000 1.000000
0.999931 0.010170 -0.005835 -0.239984 -0.009599 0.995831 0.090711 78.933136 0.006733 -0.090649 0.995860 1.292872 0.000000 0.000000 0.000000 1.000000
0.999916 0.011632 -0.005681 -0.272675 -0.011087 0.996062 0.087967 78.915344 0.006682 -0.087896 0.996107 1.189498 0.000000 0.000000 0.000000 1.000000
0.999905 0.013053 -0.004471 -0.312390 -0.012626 0.996311 0.084881 78.895119 0.005563 -0.084817 0.996381 1.067762 0.000000 0.000000 0.000000 1.000000
0.999900 0.013925 -0.002276 -0.358795 -0.013696 0.996655 0.080564 78.872688 0.003390 -0.080525 0.996747 0.928927 0.000000 0.000000 0.000000 1.000000
0.999900 0.014146 0.000598 -0.408137 -0.014151 0.997124 0.074459 78.848274 0.000457 -0.074460 0.997224 0.770760 0.000000 0.000000 0.000000 1.000000
0.999892 0.014111 0.004078 -0.456722 -0.014352 0.997664 0.066785 78.822197 -0.003126 -0.066836 0.997759 0.589473 0.000000 0.000000 0.000000 1.000000
0.999857 0.014587 0.008500 -0.505488 -0.015056 0.998201 0.058036 78.794563 -0.007638 -0.058156 0.998278 0.380506 0.000000 0.000000 0.000000 1.000000
0.999769 0.016123 0.014217 -0.557970 -0.016793 0.998692 0.048301 78.763451 -0.013420 -0.048529 0.998732 0.137609 0.000000 0.000000 0.000000 1.000000
0.999612 0.018200 0.021094 -0.615061 -0.018977 0.999125 0.037274 78.726479 -0.020398 -0.037660 0.999082 -0.145105 0.000000 0.000000 0.000000 1.000000
0.999404 0.019366 0.028563 -0.674436 -0.020075 0.999492 0.024742 78.683876 -0.028070 -0.025300 0.999286 -0.469217 0.000000 0.000000 0.000000 1.000000
0.999165 0.018693 0.036338 -0.732305 -0.019095 0.999760 0.010743 78.635765 -0.036129 -0.011428 0.999282 -0.832223 0.000000 0.000000 0.000000 1.000000
0.998849 0.016908 0.044890 -0.784175 -0.016712 0.999849 -0.004729 78.578102 -0.044963 0.003973 0.998981 -1.232841 0.000000 0.000000 0.000000 1.000000
0.998374 0.015833 0.054769 -0.829130 -0.014653 0.999653 -0.021878 78.502930 -0.055096 0.021039 0.998259 -1.673981 0.000000 0.000000 0.000000 1.000000
0.997713 0.016703 0.065500 -0.875654 -0.014042 0.999065 -0.040882 78.407066 -0.066121 0.039869 0.997015 -2.157160 0.000000 0.000000 0.000000 1.000000
0.996935 0.019310 0.075819 -0.938356 -0.014637 0.997987 -0.061714 78.288254 -0.076858 0.060415 0.995210 -2.674962 0.000000 0.000000 0.000000 1.000000
0.996122 0.022537 0.085046 -1.023886 -0.015366 0.996343 -0.084057 78.147316 -0.086629 0.082424 0.992825 -3.211318 0.000000 0.000000 0.000000 1.000000
0.995266 0.025366 0.093818 -1.123356 -0.015207 0.994093 -0.107459 77.985687 -0.095990 0.105524 0.989773 -3.749809 0.000000 0.000000 0.000000 1.000000
0.994271 0.027601 0.103268 -1.220262 -0.013807 0.991157 -0.131971 77.802132 -0.105997 0.129789 0.985860 -4.280385 0.000000 0.000000 0.000000 1.000000
0.993095 0.029694 0.113493 -1.303334 -0.011448 0.987348 -0.158156 77.592178 -0.116754 0.155765 0.980870 -4.798808 0.000000 0.000000 0.000000 1.000000
0.991867 0.031743 0.123253 -1.373303 -0.008282 0.982445 -0.186371 77.352463 -0.127005 0.183834 0.974718 -5.302119 0.000000 0.000000 0.000000 1.000000
0.990786 0.033084 0.131334 -1.439448 -0.003954 0.976358 -0.216125 77.082993 -0.135380 0.213614 0.967492 -5.785928 0.000000 0.000000 0.000000 1.000000
0.989898 0.033281 0.137818 -1.510137 0.001704 0.969195 -0.246290 76.786537 -0.141769 0.244037 0.959347 -6.242745 0.000000 0.000000 0.000000 1.000000
0.989071 0.032992 0.143703 -1.592286 0.008035 0.961135 -0.275962 76.464462 -0.147223 0.274101 0.950365 -6.662085 0.000000 0.000000 0.000000 1.000000
0.988150 0.033331 0.149829 -1.692966 0.014110 0.952280 -0.304900 76.115417 -0.152842 0.303401 0.940525 -7.035826 0.000000 0.000000 0.000000 1.000000
0.987114 0.034621 0.156231 -1.812080 0.019673 0.942654 -0.333190 75.745872 -0.158807 0.331970 0.929826 -7.362072 0.000000 0.000000 0.000000 1.000000
0.986093 0.035850 0.162282 -1.933521 0.025465 0.932334 -0.360702 75.379486 -0.164232 0.359818 0.918455 -7.641613 0.000000 0.000000 0.000000 1.000000
0.985189 0.035522 0.167752 -2.034599 0.032679 0.921480 -0.387049 75.042358 -0.168329 0.386799 0.906671 -7.874670 0.000000 0.000000 0.000000 1.000000
0.984249 0.033543 0.173574 -2.113132 0.041715 0.910045 -0.412406 74.741013 -0.171793 0.413151 0.894312 -8.068048 0.000000 0.000000 0.000000 1.000000
0.982920 0.031795 0.181265 -2.195417 0.051713 0.897556 -0.437857 74.456032 -0.176617 0.439753 0.880582 -8.238201 0.000000 0.000000 0.000000 1.000000
0.980953 0.032251 0.191549 -2.307400 0.061591 0.883593 -0.464187 74.165962 -0.184222 0.467144 0.864777 -8.397659 0.000000 0.000000 0.000000 1.000000
0.978406 0.035154 0.203679 -2.447053 0.070908 0.868539 -0.490523 73.871140 -0.194147 0.494373 0.847291 -8.540331 0.000000 0.000000 0.000000 1.000000
0.975596 0.039234 0.216038 -2.594935 0.079576 0.853838 -0.514421 73.594345 -0.204644 0.519059 0.829879 -8.647416 0.000000 0.000000 0.000000 1.000000
0.972887 0.043010 0.227248 -2.739148 0.087451 0.841202 -0.533602 73.359344 -0.214112 0.539007 0.814633 -8.703777 0.000000 0.000000 0.000000 1.000000
0.970458 0.045692 0.236904 -2.879765 0.094588 0.831249 -0.547795 73.167839 -0.221956 0.554020 0.802370 -8.708844 0.000000 0.000000 0.000000 1.000000
0.968240 0.047356 0.245497 -3.018615 0.101439 0.823048 -0.558840 72.999786 -0.228520 0.565994 0.792104 -8.675615 0.000000 0.000000 0.000000 1.000000
0.966054 0.048637 0.253719 -3.155310 0.108404 0.815148 -0.569019 72.835320 -0.234494 0.577207 0.782205 -8.617863 0.000000 0.000000 0.000000 1.000000
0.963771 0.050096 0.261985 -3.292209 0.115588 0.806747 -0.579482 72.668457 -0.240385 0.588770 0.771728 -8.540219 0.000000 0.000000 0.000000 1.000000
0.961333 0.051830 0.270466 -3.436742 0.122990 0.797935 -0.590062 72.501045 -0.246398 0.600511 0.760707 -8.442277 0.000000 0.000000 0.000000 1.000000
0.958757 0.053646 0.279118 -3.592666 0.130532 0.789232 -0.600061 72.330505 -0.252480 0.611747 0.749679 -8.326508 0.000000 0.000000 0.000000 1.000000
0.956138 0.055286 0.287652 -3.753849 0.138035 0.781108 -0.608947 72.149734 -0.258353 0.621944 0.739216 -8.199478 0.000000 0.000000 0.000000 1.000000
0.953583 0.056545 0.295773 -3.909372 0.145332 0.773831 -0.616494 71.953773 -0.263738 0.630863 0.729694 -8.065548 0.000000 0.000000 0.000000 1.000000
0.951074 0.057345 0.303596 -4.054977 0.152489 0.767483 -0.622669 71.740402 -0.268711 0.638499 0.721188 -7.925446 0.000000 0.000000 0.000000 1.000000
0.948451 0.057675 0.311632 -4.196815 0.159846 0.762015 -0.627520 71.508873 -0.273660 0.644985 0.713515 -7.781173 0.000000 0.000000 0.000000 1.000000
0.945567 0.057520 0.320303 -4.342895 0.167729 0.757309 -0.631150 71.259865 -0.278872 0.650518 0.706439 -7.635869 0.000000 0.000000 0.000000 1.000000
0.942458 0.056905 0.329445 -4.494290 0.176043 0.753259 -0.633726 70.998840 -0.284220 0.655257 0.699898 -7.491123 0.000000 0.000000 0.000000 1.000000
0.939363 0.055952 0.338330 -4.643246 0.184194 0.749876 -0.635420 70.728729 -0.289258 0.659208 0.694100 -7.346624 0.000000 0.000000 0.000000 1.000000
0.936560 0.054841 0.346190 -4.774594 0.191456 0.747278 -0.636333 70.450630 -0.293597 0.662244 0.689371 -7.203099 0.000000 0.000000 0.000000 1.000000
0.934160 0.053611 0.352805 -4.880514 0.197599 0.745541 -0.636494 70.167343 -0.297153 0.664300 0.685861 -7.064985 0.000000 0.000000 0.000000 1.000000
0.932044 0.052094 0.358582 -4.964986 0.203092 0.744452 -0.636038 69.884064 -0.300081 0.665641 0.683282 -6.936856 0.000000 0.000000 0.000000 1.000000
0.930095 0.050298 0.363858 -5.037861 0.208331 0.743610 -0.635329 69.612045 -0.302524 0.666719 0.681150 -6.821455 0.000000 0.000000 0.000000 1.000000
0.928323 0.048471 0.368602 -5.106879 0.213216 0.742796 -0.634660 69.359184 -0.304559 0.667761 0.679219 -6.719990 0.000000 0.000000 0.000000 1.000000
0.926783 0.046793 0.372670 -5.171141 0.217446 0.742177 -0.633949 69.125450 -0.306252 0.668568 0.677662 -6.634467 0.000000 0.000000 0.000000 1.000000
0.925503 0.045155 0.376039 -5.223188 0.220951 0.742031 -0.632906 68.909950 -0.307611 0.668843 0.676775 -6.568990 0.000000 0.000000 0.000000 1.000000
0.924515 0.043431 0.378662 -5.254605 0.223740 0.742457 -0.631426 68.708344 -0.308564 0.668485 0.676695 -6.526120 0.000000 0.000000 0.000000 1.000000
0.923880 0.041719 0.380401 -5.262311 0.225671 0.743407 -0.629618 68.519737 -0.309060 0.667537 0.677404 -6.508493 0.000000 0.000000 0.000000 1.000000
0.923659 0.040198 0.381101 -5.247868 0.226527 0.744857 -0.627593 68.347626 -0.309094 0.666012 0.678888 -6.519609 0.000000 0.000000 0.000000 1.000000
0.923903 0.038947 0.380638 -5.215657 0.226182 0.746794 -0.625412 68.201050 -0.308616 0.663914 0.681157 -6.563708 0.000000 0.000000 0.000000 1.000000
0.924631 0.037963 0.378968 -5.171768 0.224694 0.749042 -0.623256 68.089783 -0.307524 0.661433 0.684058 -6.642940 0.000000 0.000000 0.000000 1.000000
0.925796 0.037205 0.376188 -5.122169 0.222342 0.751218 -0.621478 68.021767 -0.305722 0.659004 0.687203 -6.755145 0.000000 0.000000 0.000000 1.000000
0.927307 0.036524 0.372516 -5.069388 0.219563 0.752939 -0.620383 67.998451 -0.303141 0.657076 0.690186 -6.894201 0.000000 0.000000 0.000000 1.000000
0.929045 0.035603 0.368251 -5.012948 0.216826 0.754105 -0.619929 68.014038 -0.299771 0.655788 0.692878 -7.053092 0.000000 0.000000 0.000000 1.000000
0.930861 0.034177 0.363772 -4.953964 0.214489 0.754893 -0.619783 68.056259 -0.295792 0.654957 0.695369 -7.224766 0.000000 0.000000 0.000000 1.000000
0.932568 0.032416 0.359535 -4.897866 0.212648 0.755494 -0.619686 68.113701 -0.291714 0.654354 0.697656 -7.401705 0.000000 0.000000 0.000000 1.000000
0.933998 0.030970 0.355932 -4.850471 0.211085 0.755936 -0.619680 68.180695 -0.288254 0.653912 0.699506 -7.577157 0.000000 0.000000 0.000000 1.000000
0.935086 0.030468 0.353108 -4.813167 0.209489 0.756116 -0.620002 68.260880 -0.285881 0.653728 0.700651 -7.748092 0.000000 0.000000 0.000000 1.000000
0.935930 0.031001 0.350818 -4.781791 0.207662 0.755957 -0.620811 68.353775 -0.284449 0.653887 0.701085 -7.912916 0.000000 0.000000 0.000000 1.000000
0.936728 0.032184 0.348576 -4.751402 0.205537 0.755483 -0.622093 68.455139 -0.283364 0.654377 0.701067 -8.072320 0.000000 0.000000 0.000000 1.000000
0.937639 0.033695 0.345973 -4.718419 0.203049 0.754748 -0.623800 68.561211 -0.282142 0.655148 0.700840 -8.227997 0.000000 0.000000 0.000000 1.000000
0.938682 0.035530 0.342948 -4.681631 0.200146 0.753774 -0.625912 68.672935 -0.280744 0.656172 0.700443 -8.381652 0.000000 0.000000 0.000000 1.000000
0.939809 0.037837 0.339600 -4.641540 0.196722 0.752711 -0.628272 68.793320 -0.279393 0.657263 0.699961 -8.536316 0.000000 0.000000 0.000000 1.000000
0.941042 0.040667 0.335837 -4.597664 0.192517 0.751936 -0.630500 68.923157 -0.278168 0.657981 0.699774 -8.696241 0.000000 0.000000 0.000000 1.000000
0.942412 0.043834 0.331570 -4.548662 0.187447 0.751817 -0.632167 69.058777 -0.276990 0.657913 0.700305 -8.862659 0.000000 0.000000 0.000000 1.000000
0.943790 0.046882 0.327205 -4.495324 0.182050 0.752505 -0.632925 69.191620 -0.275896 0.656916 0.701671 -9.031090 0.000000 0.000000 0.000000 1.000000
0.944939 0.049247 0.323521 -4.441421 0.177253 0.754008 -0.632497 69.310280 -0.275086 0.655016 0.703762 -9.195606 0.000000 0.000000 0.000000 1.000000
0.945730 0.050557 0.320996 -4.389890 0.173645 0.756332 -0.630721 69.406395 -0.274667 0.652232 0.706507 -9.353451 0.000000 0.000000 0.000000 1.000000
0.946225 0.050835 0.319492 -4.342195 0.171134 0.759431 -0.627676 69.481903 -0.274540 0.648599 0.709893 -9.506294 0.000000 0.000000 0.000000 1.000000
0.946520 0.050396 0.318686 -4.298194 0.169337 0.763163 -0.623625 69.544891 -0.274638 0.644238 0.713814 -9.655625 0.000000 0.000000 0.000000 1.000000
0.946597 0.049569 0.318587 -4.259459 0.168102 0.767306 -0.618857 69.599625 -0.275130 0.639363 0.717996 -9.796234 0.000000 0.000000 0.000000 1.000000
0.946361 0.048549 0.319442 -4.228156 0.167530 0.771648 -0.613590 69.645195 -0.276286 0.634194 0.722124 -9.918474 0.000000 0.000000 0.000000 1.000000
0.945768 0.047363 0.321371 -4.205205 0.167671 0.776163 -0.607830 69.680878 -0.278225 0.628751 0.726129 -10.018586 0.000000 0.000000 0.000000 1.000000
0.944878 0.045937 0.324183 -4.188967 0.168357 0.781030 -0.601372 69.711555 -0.280822 0.622802 0.730245 -10.105831 0.000000 0.000000 0.000000 1.000000
0.943825 0.044241 0.327470 -4.175687 0.169268 0.786381 -0.594099 69.747139 -0.283800 0.616156 0.734717 -10.194721 0.000000 0.000000 0.000000 1.000000
0.942750 0.042439 0.330788 -4.161932 0.170034 0.792103 -0.586226 69.793472 -0.286897 0.608910 0.739540 -10.289445 0.000000 0.000000 0.000000 1.000000
0.941781 0.040778 0.333745 -4.147101 0.170275 0.798072 -0.578003 69.849648 -0.289922 0.601181 0.744665 -10.379529 0.000000 0.000000 0.000000 1.000000
0.941026 0.039233 0.336051 -4.134278 0.169743 0.804457 -0.569242 69.917496 -0.292672 0.592714 0.750356 -10.450686 0.000000 0.000000 0.000000 1.000000
0.940542 0.037445 0.337608 -4.128164 0.168494 0.811578 -0.559420 70.005760 -0.294943 0.583042 0.757014 -10.496781 0.000000 0.000000 0.000000 1.000000
0.940282 0.035114 0.338580 -4.131052 0.166888 0.819363 -0.548445 70.121155 -0.296679 0.572198 0.764572 -10.521871 0.000000 0.000000 0.000000 1.000000
0.940119 0.032354 0.339308 -4.140014 0.165353 0.827205 -0.537020 70.256729 -0.298051 0.560968 0.772321 -10.534875 0.000000 0.000000 0.000000 1.000000
0.939891 0.029604 0.340190 -4.148109 0.164151 0.834407 -0.526136 70.394348 -0.299432 0.550353 0.779392 -10.543725 0.000000 0.000000 0.000000 1.000000
0.939449 0.027328 0.341597 -4.150439 0.163280 0.840697 -0.516303 70.516151 -0.301289 0.540816 0.785330 -10.551904 0.000000 0.000000 0.000000 1.000000
0.938769 0.025772 0.343583 -4.150109 0.162337 0.846492 -0.507048 70.618187 -0.303908 0.531777 0.790477 -10.557386 0.000000 0.000000 0.000000 1.000000
0.938027 0.024886 0.345668 -4.157118 0.160575 0.852686 -0.497135 70.713951 -0.307118 0.521831 0.795846 -10.554060 0.000000 0.000000 0.000000 1.000000
0.937484 0.024415 0.347171 -4.179133 0.157426 0.859902 -0.485578 70.820663 -0.310389 0.509876 0.802300 -10.536618 0.000000 0.000000 0.000000 1.000000
0.937273 0.023988 0.347770 -4.213174 0.153113 0.867918 -0.472519 70.941879 -0.313171 0.496127 0.809804 -10.504910 0.000000 0.000000 0.000000 1.000000
0.937346 0.023156 0.347630 -4.247094 0.148558 0.875970 -0.458919 71.067429 -0.315140 0.481809 0.817647 -10.463701 0.000000 0.000000 0.000000 1.000000
0.937605 0.021652 0.347028 -4.267710 0.144566 0.883428 -0.445708 71.186607 -0.316225 0.468066 0.825176 -10.419324 0.000000 0.000000 0.000000 1.000000
0.937959 0.019612 0.346191 -4.267243 0.141346 0.890059 -0.433379 71.296043 -0.316630 0.455424 0.832066 -10.378174 0.000000 0.000000 0.000000 1.000000
0.938225 0.017364 0.345588 -4.246891 0.138958 0.895761 -0.422260 71.396057 -0.316897 0.444197 0.838013 -10.348090 0.000000 0.000000 0.000000 1.000000
0.938155 0.015153 0.345884 -4.215809 0.137580 0.900457 -0.412613 71.485123 -0.317706 0.434681 0.842683 -10.336212 0.000000 0.000000 0.000000 1.000000
0.937677 0.013292 0.347254 -4.185585 0.136831 0.904423 -0.404099 71.564484 -0.319436 0.426430 0.846238 -10.342909 0.000000 0.000000 0.000000 1.000000
0.937036 0.012392 0.349013 -4.163710 0.135417 0.908290 -0.395818 71.641510 -0.321910 0.418158 0.849422 -10.360674 0.000000 0.000000 0.000000 1.000000
0.936604 0.013047 0.350148 -4.152710 0.132053 0.912479 -0.387226 71.720993 -0.324555 0.408916 0.852908 -10.380138 0.000000 0.000000 0.000000 1.000000
0.936603 0.015131 0.350066 -4.150592 0.126634 0.916921 -0.378443 71.801834 -0.326710 0.398781 0.856875 -10.396108 0.000000 0.000000 0.000000 1.000000
0.937075 0.017490 0.348690 -4.152827 0.120324 0.921377 -0.369575 71.881996 -0.327739 0.388275 0.861295 -10.408512 0.000000 0.000000 0.000000 1.000000
0.938035 0.018698 0.346035 -4.155183 0.114494 0.925747 -0.360394 71.964165 -0.327079 0.377681 0.866243 -10.419453 0.000000 0.000000 0.000000 1.000000
0.939503 0.018265 0.342055 -4.155905 0.109626 0.930025 -0.350763 72.056541 -0.324526 0.367041 0.871759 -10.430675 0.000000 0.000000 0.000000 1.000000
0.941337 0.016834 0.337049 -4.154661 0.105371 0.934159 -0.340945 72.166168 -0.320597 0.356459 0.877584 -10.441021 0.000000 0.000000 0.000000 1.000000
0.943187 0.015234 0.331913 -4.153111 0.101414 0.938080 -0.331241 72.296318 -0.316407 0.346083 0.883240 -10.447961 0.000000 0.000000 0.000000 1.000000
0.944669 0.013710 0.327738 -4.154481 0.097907 0.941799 -0.321604 72.442032 -0.313073 0.335897 0.888346 -10.446880 0.000000 0.000000 0.000000 1.000000
0.945571 0.012090 0.325193 -4.161234 0.095137 0.945380 -0.311778 72.594009 -0.311200 0.325746 0.892773 -10.431340 0.000000 0.000000 0.000000 1.000000
0.945917 0.010295 0.324246 -4.172295 0.093082 0.948857 -0.301672 72.740265 -0.310769 0.315538 0.896581 -10.394963 0.000000 0.000000 0.000000 1.000000
0.945932 0.008501 0.324254 -4.184049 0.091360 0.952203 -0.291485 72.872704 -0.311233 0.305349 0.899942 -10.336299 0.000000 0.000000 0.000000 1.000000
0.945878 0.006809 0.324450 -4.191439 0.089656 0.955385 -0.281426 72.990601 -0.311891 0.295283 0.903068 -10.259803 0.000000 0.000000 0.000000 1.000000
0.945858 0.004982 0.324543 -4.189573 0.088016 0.958482 -0.271229 73.100304 -0.312420 0.285109 0.906149 -10.173326 0.000000 0.000000 0.000000 1.000000
0.945790 0.002753 0.324768 -4.177996 0.086559 0.961659 -0.260230 73.210258 -0.313033 0.274234 0.909289 -10.082900 0.000000 0.000000 0.000000 1.000000
0.945573 0.000360 0.325411 -4.164232 0.085057 0.964961 -0.248224 73.324661 -0.314098 0.262392 0.912410 -9.986727 0.000000 0.000000 0.000000 1.000000
0.945204 -0.001605 0.326476 -4.157591 0.083215 0.968144 -0.236162 73.442322 -0.315696 0.250389 0.915227 -9.876178 0.000000 0.000000 0.000000 1.000000
0.944789 -0.002933 0.327667 -4.158189 0.081240 0.970837 -0.225555 73.562004 -0.317450 0.239721 0.917475 -9.746285 0.000000 0.000000 0.000000 1.000000
0.944470 -0.004038 0.328573 -4.155695 0.079562 0.972982 -0.216739 73.686623 -0.318821 0.230845 0.919274 -9.600509 0.000000 0.000000 0.000000 1.000000
0.944339 -0.005339 0.328931 -4.140366 0.077938 0.975035 -0.207926 73.824074 -0.319609 0.221989 0.921179 -9.443531 0.000000 0.000000 0.000000 1.000000
0.944388 -0.006835 0.328762 -4.112429 0.075562 0.977541 -0.196732 73.980774 -0.320034 0.210634 0.923695 -9.274981 0.000000 0.000000 0.000000 1.000000
0.944493 -0.008386 0.328424 -4.079804 0.072288 0.980479 -0.182853 74.152275 -0.320480 0.196444 0.926662 -9.094193 0.000000 0.000000 0.000000 1.000000
0.944447 -0.009941 0.328514 -4.050145 0.068912 0.983314 -0.168362 74.326172 -0.321358 0.181647 0.929372 -8.908060 0.000000 0.000000 0.000000 1.000000
0.944111 -0.011338 0.329432 -4.025097 0.066073 0.985634 -0.155436 74.492310 -0.322937 0.168515 0.931297 -8.727898 0.000000 0.000000 0.000000 1.000000
0.943564 -0.012227 0.330963 -4.001258 0.063540 0.987438 -0.144671 74.645393 -0.325037 0.157536 0.932488 -8.556703 0.000000 0.000000 0.000000 1.000000
0.943067 -0.012421 0.332370 -3.974328 0.060779 0.988911 -0.135500 74.784554 -0.327001 0.147987 0.933365 -8.384308 0.000000 0.000000 0.000000 1.000000
0.942865 -0.012311 0.332948 -3.940704 0.057831 0.990195 -0.127157 74.914619 -0.328118 0.139147 0.934332 -8.198416 0.000000 0.000000 0.000000 1.000000
0.942957 -0.012712 0.332672 -3.898835 0.055357 0.991346 -0.119029 75.045288 -0.328281 0.130655 0.935501 -7.997684 0.000000 0.000000 0.000000 1.000000
0.943071 -0.014051 0.332294 -3.851934 0.053833 0.992381 -0.110820 75.183083 -0.328206 0.122400 0.936643 -7.788963 0.000000 0.000000 0.000000 1.000000
0.942940 -0.015951 0.332580 -3.806072 0.052977 0.993315 -0.102561 75.326042 -0.328721 0.114328 0.937482 -7.575585 0.000000 0.000000 0.000000 1.000000
0.942594 -0.017884 0.333462 -3.765889 0.052209 0.994178 -0.094260 75.467804 -0.329835 0.106259 0.938039 -7.353837 0.000000 0.000000 0.000000 1.000000
0.942335 -0.019727 0.334088 -3.732239 0.051297 0.994979 -0.085940 75.604744 -0.330715 0.098122 0.938616 -7.119047 0.000000 0.000000 0.000000 1.000000
0.942455 -0.021396 0.333648 -3.702070 0.050207 0.995691 -0.077970 75.738853 -0.330542 0.090235 0.939468 -6.871933 0.000000 0.000000 0.000000 1.000000
0.943017 -0.022546 0.331980 -3.671448 0.048752 0.996297 -0.070820 75.875168 -0.329154 0.082969 0.940624 -6.617484 0.000000 0.000000 0.000000 1.000000
0.943864 -0.023002 0.329532 -3.637855 0.046831 0.996815 -0.064558 76.017227 -0.326997 0.076366 0.941935 -6.358997 0.000000 0.000000 0.000000 1.000000
0.944735 -0.023090 0.327022 -3.598957 0.044769 0.997258 -0.058918 76.164795 -0.324765 0.070303 0.943178 -6.096694 0.000000 0.000000 0.000000 1.000000
0.945436 -0.023234 0.324978 -3.553535 0.042972 0.997632 -0.053693 76.317230 -0.322961 0.064728 0.944196 -5.831249 0.000000 0.000000 0.000000 1.000000
0.945988 -0.023540 0.323345 -3.504963 0.041543 0.997940 -0.048889 76.474083 -0.321528 0.059681 0.945018 -5.564551 0.000000 0.000000 0.000000 1.000000
0.946564 -0.023886 0.321630 -3.460625 0.040333 0.998192 -0.044569 76.631882 -0.319984 0.055159 0.945816 -5.297445 0.000000 0.000000 0.000000 1.000000
0.947311 -0.024015 0.319414 -3.426205 0.039007 0.998413 -0.040621 76.783546 -0.317932 0.050940 0.946744 -5.030929 0.000000 0.000000 0.000000 1.000000
0.948265 -0.023722 0.316592 -3.399696 0.037259 0.998629 -0.036773 76.921104 -0.315285 0.046666 0.947849 -4.769271 0.000000 0.000000 0.000000 1.000000
0.949408 -0.023203 0.313188 -3.371832 0.035219 0.998842 -0.032764 77.039764 -0.312066 0.042137 0.949126 -4.519525 0.000000 0.000000 0.000000 1.000000
0.950693 -0.022939 0.309283 -3.331848 0.033397 0.999034 -0.028561 77.141479 -0.308329 0.037482 0.950541 -4.288387 0.000000 0.000000 0.000000 1.000000
0.952009 -0.023292 0.305184 -3.273271 0.032248 0.999183 -0.024339 77.231743 -0.304368 0.033012 0.951982 -4.079155 0.000000 0.000000 0.000000 1.000000
0.953262 -0.024315 0.301165 -3.196224 0.031904 0.999285 -0.020306 77.314659 -0.300455 0.028966 0.953356 -3.890428 0.000000 0.000000 0.000000 1.000000
0.954586 -0.025668 0.296829 -3.103712 0.032042 0.999348 -0.016629 77.390823 -0.296209 0.025385 0.954786 -3.717918 0.000000 0.000000 0.000000 1.000000
0.956279 -0.026794 0.291227 -2.999300 0.032067 0.999397 -0.013348 77.460922 -0.290693 0.022103 0.956561 -3.556509 0.000000 0.000000 0.000000 1.000000
0.958523 -0.027301 0.283706 -2.886497 0.031553 0.999448 -0.010428 77.528564 -0.283264 0.018947 0.958855 -3.400828 0.000000 0.000000 0.000000 1.000000
0.961225 -0.027117 0.274427 -2.769364 0.030445 0.999505 -0.007877 77.598068 -0.274078 0.015927 0.961576 -3.244475 0.000000 0.000000 0.000000 1.000000
0.964112 -0.026396 0.264181 -2.653110 0.028913 0.999566 -0.005642 77.671677 -0.263918 0.013077 0.964457 -3.081408 0.000000 0.000000 0.000000 1.000000
0.966907 -0.025509 0.253852 -2.544701 0.027292 0.999621 -0.003503 77.748383 -0.253667 0.010315 0.967237 -2.909449 0.000000 0.000000 0.000000 1.000000
0.969493 -0.024887 0.243851 -2.450956 0.025992 0.999661 -0.001312 77.825592 -0.243736 0.007610 0.969812 -2.731536 0.000000 0.000000 0.000000 1.000000
0.971907 -0.024708 0.234064 -2.375048 0.025202 0.999682 0.000884 77.901932 -0.234011 0.005040 0.972221 -2.554879 0.000000 0.000000 0.000000 1.000000
0.974185 -0.024877 0.224377 -2.313405 0.024832 0.999687 0.003022 77.975960 -0.224382 0.002628 0.974498 -2.388920 0.000000 0.000000 0.000000 1.000000
0.976244 -0.025319 0.215188 -2.258002 0.024795 0.999679 0.005136 78.044388 -0.215249 0.000322 0.976559 -2.240799 0.000000 0.000000 0.000000 1.000000
0.977919 -0.026037 0.207356 -2.202311 0.025064 0.999659 0.007317 78.102203 -0.207475 -0.001959 0.978238 -2.110825 0.000000 0.000000 0.000000 1.000000
0.979134 -0.026864 0.201430 -2.143977 0.025464 0.999630 0.009539 78.147034 -0.201612 -0.004210 0.979457 -1.995065 0.000000 0.000000 0.000000 1.000000
0.980040 -0.027415 0.196901 -2.083992 0.025655 0.999605 0.011483 78.181625 -0.197138 -0.006202 0.980356 -1.893007 0.000000 0.000000 0.000000 1.000000
0.980932 -0.027257 0.192433 -2.024886 0.025286 0.999600 0.012689 78.211761 -0.192702 -0.007581 0.981228 -1.809026 0.000000 0.000000 0.000000 1.000000
0.982042 -0.026286 0.186823 -1.966528 0.024289 0.999621 0.012968 78.242310 -0.187093 -0.008198 0.982308 -1.745933 0.000000 0.000000 0.000000 1.000000
0.983394 -0.025083 0.179744 -1.902979 0.023171 0.999650 0.012732 78.275696 -0.180001 -0.008356 0.983631 -1.700708 0.000000 0.000000 0.000000 1.000000
0.984843 -0.024605 0.171696 -1.827069 0.022760 0.999660 0.012702 78.312111 -0.171950 -0.008601 0.985068 -1.667267 0.000000 0.000000 0.000000 1.000000
0.986235 -0.025191 0.163421 -1.737596 0.023336 0.999640 0.013260 78.348564 -0.163697 -0.009264 0.986467 -1.641061 0.000000 0.000000 0.000000 1.000000
0.987503 -0.026129 0.155421 -1.640837 0.024214 0.999606 0.014206 78.380951 -0.155731 -0.010265 0.987746 -1.620620 0.000000 0.000000 0.000000 1.000000
0.988653 -0.026480 0.147866 -1.545342 0.024513 0.999585 0.015114 78.405197 -0.148205 -0.011318 0.988892 -1.605625 0.000000 0.000000 0.000000 1.000000
0.989695 -0.026174 0.140777 -1.456452 0.024177 0.999582 0.015875 78.420029 -0.141134 -0.012308 0.989914 -1.595782 0.000000 0.000000 0.000000 1.000000
0.990619 -0.025958 0.134163 -1.375817 0.023926 0.999574 0.016736 78.428574 -0.134540 -0.013369 0.990818 -1.590460 0.000000 0.000000 0.000000 1.000000
0.991413 -0.026462 0.128062 -1.304260 0.024370 0.999543 0.017874 78.434357 -0.128477 -0.014600 0.991605 -1.588245 0.000000 0.000000 0.000000 1.000000
0.992067 -0.027622 0.122635 -1.243051 0.025459 0.999492 0.019174 78.439178 -0.123102 -0.015900 0.992267 -1.588069 0.000000 0.000000 0.000000 1.000000
0.992568 -0.028869 0.118220 -1.193134 0.026638 0.999437 0.020409 78.443237 -0.118743 -0.017108 0.992778 -1.590211 0.000000 0.000000 0.000000 1.000000
0.992903 -0.029656 0.115172 -1.153893 0.027354 0.999394 0.021520 78.447380 -0.115741 -0.018217 0.993112 -1.595115 0.000000 0.000000 0.000000 1.000000
0.993092 -0.029893 0.113469 -1.122864 0.027499 0.999366 0.022610 78.453064 -0.114073 -0.019333 0.993284 -1.602098 0.000000 0.000000 0.000000 1.000000
0.993206 -0.029917 0.112457 -1.097180 0.027423 0.999344 0.023659 78.461586 -0.113091 -0.020415 0.993375 -1.609996 0.000000 0.000000 0.000000 1.000000
0.993351 -0.030068 0.111129 -1.075342 0.027517 0.999323 0.024424 78.473228 -0.111789 -0.021204 0.993506 -1.617940 0.000000 0.000000 0.000000 1.000000
0.993599 -0.030331 0.108815 -1.055998 0.027795 0.999307 0.024741 78.487411 -0.109490 -0.021558 0.993754 -1.624826 0.000000 0.000000 0.000000 1.000000
0.993951 -0.030349 0.105544 -1.035164 0.027868 0.999301 0.024907 78.503487 -0.106227 -0.021815 0.994103 -1.629320 0.000000 0.000000 0.000000 1.000000
0.994380 -0.029757 0.101604 -1.008497 0.027304 0.999303 0.025455 78.521538 -0.102291 -0.022538 0.994499 -1.630748 0.000000 0.000000 0.000000 1.000000
0.994891 -0.028558 0.096830 -0.976172 0.026112 0.999309 0.026436 78.540642 -0.097518 -0.023772 0.994950 -1.630047 0.000000 0.000000 0.000000 1.000000
0.995508 -0.027200 0.090690 -0.944321 0.024828 0.999322 0.027181 78.558640 -0.091368 -0.024807 0.995508 -1.629868 0.000000 0.000000 0.000000 1.000000
0.996197 -0.026219 0.083096 -0.919907 0.024057 0.999348 0.026919 78.573616 -0.083748 -0.024817 0.996178 -1.633167 0.000000 0.000000 0.000000 1.000000
0.996863 -0.025784 0.074830 -0.904380 0.023925 0.999385 0.025638 78.585999 -0.075445 -0.023768 0.996867 -1.640018 0.000000 0.000000 0.000000 1.000000
0.997423 -0.025549 0.067041 -0.893650 0.023972 0.999419 0.024232 78.597794 -0.067621 -0.022562 0.997456 -1.645929 0.000000 0.000000 0.000000 1.000000
0.997861 -0.025088 0.060374 -0.883266 0.023698 0.999440 0.023642 78.610222 -0.060933 -0.022160 0.997896 -1.645821 0.000000 0.000000 0.000000 1.000000
0.998208 -0.024464 0.054608 -0.872714 0.023183 0.999444 0.023976 78.620255 -0.055164 -0.022667 0.998220 -1.640709 0.000000 0.000000 0.000000 1.000000
0.998503 -0.024172 0.049073 -0.864324 0.022987 0.999433 0.024583 78.623596 -0.049639 -0.023418 0.998493 -1.639341 0.000000 0.000000 0.000000 1.000000
0.998762 -0.024563 0.043248 -0.858819 0.023502 0.999415 0.024857 78.617958 -0.043833 -0.023809 0.998755 -1.650992 0.000000 0.000000 0.000000 1.000000
0.998992 -0.025366 0.037027 -0.854160 0.024459 0.999394 0.024747 78.605202 -0.037632 -0.023816 0.999008 -1.676895 0.000000 0.000000 0.000000 1.000000
0.999194 -0.025893 0.030689 -0.848380 0.025147 0.999384 0.024473 78.589417 -0.031304 -0.023682 0.999229 -1.710397 0.000000 0.000000 0.000000 1.000000
0.999362 -0.025745 0.024764 -0.841246 0.025149 0.999394 0.024087 78.573700 -0.025370 -0.023448 0.999403 -1.743471 0.000000 0.000000 0.000000 1.000000
0.999485 -0.025271 0.019772 -0.832852 0.024805 0.999416 0.023492 78.559227 -0.020354 -0.022990 0.999528 -1.770414 0.000000 0.000000 0.000000 1.000000
0.999556 -0.025192 0.015911 -0.823709 0.024827 0.999433 0.022730 78.546631 -0.016474 -0.022325 0.999615 -1.787666 0.000000 0.000000 0.000000 1.000000
0.999585 -0.025744 0.012924 -0.817968 0.025456 0.999433 0.022024 78.537560 -0.013484 -0.021686 0.999674 -1.793473 0.000000 0.000000 0.000000 1.000000
0.999596 -0.026499 0.010306 -0.823469 0.026273 0.999422 0.021558 78.533440 -0.010871 -0.021278 0.999714 -1.788381 0.000000 0.000000 0.000000 1.000000
0.999605 -0.027035 0.007703 -0.845991 0.026866 0.999411 0.021346 78.533470 -0.008276 -0.021131 0.999742 -1.773799 0.000000 0.000000 0.000000 1.000000
0.999609 -0.027478 0.005176 -0.884664 0.027361 0.999398 0.021333 78.536469 -0.005759 -0.021183 0.999759 -1.749627 0.000000 0.000000 0.000000 1.000000
0.999600 -0.028116 0.003111 -0.934574 0.028042 0.999376 0.021488 78.541985 -0.003713 -0.021392 0.999764 -1.715225 0.000000 0.000000 0.000000 1.000000
0.999586 -0.028730 0.001848 -0.991895 0.028683 0.999352 0.021763 78.550346 -0.002472 -0.021701 0.999761 -1.672589 0.000000 0.000000 0.000000 1.000000
0.999586 -0.028742 0.001218 -1.053956 0.028708 0.999345 0.022029 78.560814 -0.001850 -0.021985 0.999757 -1.627268 0.000000 0.000000 0.000000 1.000000
0.999606 -0.028056 0.000393 -1.116942 0.028040 0.999364 0.022045 78.571045 -0.001011 -0.022025 0.999757 -1.585901 0.000000 0.000000 0.000000 1.000000
0.999626 -0.027308 -0.001574 -1.176665 0.027335 0.999393 0.021580 78.578873 0.000984 -0.021615 0.999766 -1.551720 0.000000 0.000000 0.000000 1.000000
0.999619 -0.027156 -0.004895 -1.231820 0.027251 0.999416 0.020614 78.585770 0.004332 -0.020739 0.999776 -1.520641 0.000000 0.000000 0.000000 1.000000
0.999583 -0.027536 -0.008725 -1.285786 0.027702 0.999427 0.019449 78.597191 0.008185 -0.019683 0.999773 -1.482058 0.000000 0.000000 0.000000 1.000000
0.999545 -0.027794 -0.011690 -1.344100 0.028009 0.999433 0.018665 78.617508 0.011165 -0.018984 0.999757 -1.425958 0.000000 0.000000 0.000000 1.000000
0.999542 -0.027411 -0.012794 -1.410612 0.027650 0.999440 0.018861 78.644196 0.012270 -0.019206 0.999740 -1.349594 0.000000 0.000000 0.000000 1.000000
0.999577 -0.026456 -0.012074 -1.487282 0.026695 0.999441 0.020103 78.668312 0.011535 -0.020416 0.999725 -1.256245 0.000000 0.000000 0.000000 1.000000
0.999625 -0.025294 -0.010520 -1.575896 0.025517 0.999440 0.021636 78.682114 0.009967 -0.021896 0.999711 -1.149129 0.000000 0.000000 0.000000 1.000000
0.999666 -0.024079 -0.009365 -1.675873 0.024284 0.999453 0.022468 78.687172 0.008819 -0.022688 0.999704 -1.029721 0.000000 0.000000 0.000000 1.000000
0.999699 -0.022693 -0.009290 -1.781166 0.022896 0.999488 0.022367 78.693474 0.008778 -0.022573 0.999707 -0.900244 0.000000 0.000000 0.000000 1.000000
0.999725 -0.021108 -0.010200 -1.884703 0.021329 0.999529 0.022071 78.710190 0.009729 -0.022283 0.999704 -0.763418 0.000000 0.000000 0.000000 1.000000
0.999741 -0.019612 -0.011589 -1.985253 0.019868 0.999551 0.022424 78.737549 0.011144 -0.022648 0.999681 -0.620268 0.000000 0.000000 0.000000 1.000000
0.999743 -0.018632 -0.012914 -2.085732 0.018932 0.999544 0.023538 78.768448 0.012470 -0.023776 0.999640 -0.471409 0.000000 0.000000 0.000000 1.000000
0.999740 -0.018307 -0.013599 -2.185987 0.018641 0.999518 0.024845 78.796448 0.013137 -0.025092 0.999599 -0.320201 0.000000 0.000000 0.000000 1.000000
0.999747 -0.018306 -0.013087 -2.282651 0.018638 0.999496 0.025682 78.821129 0.012610 -0.025920 0.999584 -0.172121 0.000000 0.000000 0.000000 1.000000
0.999771 -0.018252 -0.011206 -2.374044 0.018536 0.999494 0.025833 78.846428 0.010728 -0.026035 0.999603 -0.029199 0.000000 0.000000 0.000000 1.000000
0.999798 -0.018254 -0.008396 -2.460310 0.018464 0.999498 0.025743 78.876030 0.007922 -0.025893 0.999633 0.113768 0.000000 0.000000 0.000000 1.000000
0.999809 -0.018764 -0.005435 -2.540624 0.018900 0.999482 0.026045 78.909866 0.004944 -0.026143 0.999646 0.264427 0.000000 0.000000 0.000000 1.000000
0.999799 -0.019832 -0.002954 -2.612947 0.019904 0.999444 0.026765 78.944191 0.002422 -0.026818 0.999637 0.423219 0.000000 0.000000 0.000000 1.000000
0.999784 -0.020768 -0.001093 -2.674904 0.020790 0.999413 0.027227 78.974007 0.000527 -0.027244 0.999629 0.580197 0.000000 0.000000 0.000000 1.000000
0.999786 -0.020688 0.000578 -2.724956 0.020665 0.999429 0.026728 78.996590 -0.001130 -0.026710 0.999643 0.722505 0.000000 0.000000 0.000000 1.000000
0.999807 -0.019424 0.002850 -2.766694 0.019346 0.999495 0.025213 79.012543 -0.003338 -0.025153 0.999678 0.843697 0.000000 0.000000 0.000000 1.000000
0.999821 -0.017800 0.006339 -2.809817 0.017648 0.999571 0.023390 79.024033 -0.006753 -0.023273 0.999706 0.946165 0.000000 0.000000 0.000000 1.000000
0.999799 -0.016806 0.010921 -2.863394 0.016561 0.999618 0.022131 79.034233 -0.011289 -0.021946 0.999695 1.037786 0.000000 0.000000 0.000000 1.000000
0.999737 -0.016606 0.015789 -2.928480 0.016261 0.999632 0.021702 79.045250 -0.016144 -0.021439 0.999640 1.127542 0.000000 0.000000 0.000000 1.000000
0.999661 -0.016659 0.020026 -2.997242 0.016227 0.999636 0.021542 79.056908 -0.020378 -0.021210 0.999567 1.221834 0.000000 0.000000 0.000000 1.000000
0.999595 -0.016637 0.023073 -3.058538 0.016154 0.999650 0.020952 79.066711 -0.023414 -0.020571 0.999514 1.321629 0.000000 0.000000 0.000000 1.000000
0.999549 -0.016672 0.024996 -3.106385 0.016175 0.999670 0.019945 79.073151 -0.025320 -0.019532 0.999489 1.422644 0.000000 0.000000 0.000000 1.000000
0.999509 -0.016816 0.026455 -3.141986 0.016309 0.999681 0.019294 79.078461 -0.026771 -0.018853 0.999464 1.519773 0.000000 0.000000 0.000000 1.000000
0.999462 -0.016798 0.028181 -3.168350 0.016244 0.999673 0.019766 79.086075 -0.028503 -0.019298 0.999407 1.610663 0.000000 0.000000 0.000000 1.000000
0.999404 -0.016401 0.030379 -3.187390 0.015755 0.999647 0.021375 79.095734 -0.030719 -0.020884 0.999310 1.694879 0.000000 0.000000 0.000000 1.000000
0.999339 -0.015752 0.032775 -3.201159 0.014989 0.999614 0.023395 79.104744 -0.033130 -0.022888 0.999189 1.771637 0.000000 0.000000 0.000000 1.000000
0.999267 -0.015147 0.035145 -3.212474 0.014271 0.999585 0.025031 79.110191 -0.035510 -0.024511 0.999069 1.839397 0.000000 0.000000 0.000000 1.000000
0.999184 -0.014686 0.037614 -3.223217 0.013714 0.999568 0.025985 79.111969 -0.037979 -0.025448 0.998954 1.896907 0.000000 0.000000 0.000000 1.000000
0.999083 -0.014203 0.040401 -3.233538 0.013143 0.999566 0.026373 79.112289 -0.040758 -0.025818 0.998835 1.943779 0.000000 0.000000 0.000000 1.000000
0.998964 -0.013514 0.043465 -3.242036 0.012373 0.999575 0.026396 79.113647 -0.043803 -0.025831 0.998706 1.980365 0.000000 0.000000 0.000000 1.000000
