<?xml version="1.0" encoding="utf-8"?>
<COLLADA xmlns="http://www.collada.org/2005/11/COLLADASchema" version="1.4.1">
  <asset><contributor><author>Mixamo</author><authoring_tool>COLLADA Mixamo exporter</authoring_tool><comments></comments></contributor><created>2018-10-30T17:24:44Z</created><modified>2018-10-30T17:24:44Z</modified><revision></revision><title></title><unit meter="0.010000"/><up_axis>Y_UP</up_axis></asset>
  <library_animations>
    <animation id="Hips-anim" name="Hips"><source id="Hips-Matrix-animation-input"><float_array id="Hips-Matrix-animation-input-array" count="29">

0.000000 0.033333 0.066667 0.100000 0.133333 0.166667 0.200000 0.233333 0.266667 0.300000 0.333333 0.366667 0.400000 0.433333 0.466667 0.500000
0.533333 0.566667 0.600000 0.633333 0.666667 0.700000 0.733333 0.766667 0.800000 0.833333 0.866667 0.900000 0.933333</float_array><technique_common><accessor source="#Hips-Matrix-animation-input-array" count="29"><param name="TIME" type="float"/></accessor></technique_common></source><source id="Hips-Matrix-animation-output-transform"><float_array id="Hips-Matrix-animation-output-transform-array" count="464">

0.992159 0.052379 0.113480 0.101288 -0.060041 0.996065 0.065183 80.175072 -0.109619 -0.071486 0.991400 0.904101 0.000000 0.000000 0.000000 1.000000
0.995684 0.054868 0.074857 0.550359 -0.059549 0.996311 0.061799 79.923622 -0.071190 -0.065990 0.995277 0.593881 0.000000 0.000000 0.000000 1.000000
0.997652 0.056791 0.038276 1.676777 -0.058938 0.996604 0.057498 79.487007 -0.034881 -0.059619 0.997612 -0.040331 0.000000 0.000000 0.000000 1.000000
0.998363 0.057122 0.002782 3.168203 -0.057189 0.996970 0.052725 79.141838 0.000239 -0.052797 0.998605 -0.574755 0.000000 0.000000 0.000000 1.000000
0.997637 0.060557 -0.032463 4.764035 -0.058966 0.997110 0.047908 79.131149 0.035271 -0.045881 0.998324 -1.069558 0.000000 0.000000 0.000000 1.000000
0.995588 0.064029 -0.068594 6.097852 -0.061135 0.997182 0.043489 79.203644 0.071186 -0.039104 0.996696 -1.517404 0.000000 0.000000 0.000000 1.000000
0.992037 0.067063 -0.106608 7.064161 -0.063126 0.997208 0.039896 79.166214 0.108986 -0.032848 0.993500 -1.854217 0.000000 0.000000 0.000000 1.000000
0.986650 0.069071 -0.147479 7.815250 -0.064199 0.997230 0.037549 79.020508 0.149664 -0.027580 0.988352 -2.105437 0.000000 0.000000 0.000000 1.000000
0.978891 0.069694 -0.192131 8.369684 -0.063770 0.997284 0.036858 78.831184 0.194178 -0.023828 0.980677 -2.350806 0.000000 0.000000 0.000000 1.000000
0.967858 0.070986 -0.241273 8.736753 -0.063618 0.997243 0.038201 78.685890 0.243319 -0.021624 0.969705 -2.622893 0.000000 0.000000 0.000000 1.000000
0.950414 0.072514 -0.302415 8.889043 -0.061863 0.997085 0.044664 78.648598 0.304772 -0.023741 0.952129 -2.989995 0.000000 0.000000 0.000000 1.000000
0.929267 0.076611 -0.361378 8.764538 -0.061153 0.996665 0.054038 78.734634 0.364313 -0.028116 0.930852 -3.523907 0.000000 0.000000 0.000000 1.000000
0.906475 0.083232 -0.413975 8.404105 -0.063247 0.996084 0.061778 78.808350 0.417496 -0.029817 0.908189 -4.212172 0.000000 0.000000 0.000000 1.000000
0.875684 0.094558 -0.473535 8.032918 -0.070687 0.995178 0.068005 78.717224 0.477682 -0.026078 0.878146 -4.946418 0.000000 0.000000 0.000000 1.000000
0.832313 0.102413 -0.544763 7.709062 -0.072482 0.994454 0.076211 78.583344 0.549547 -0.023946 0.835120 -5.638944 0.000000 0.000000 0.000000 1.000000
0.772282 0.105541 -0.626451 7.375151 -0.065854 0.994091 0.086294 78.506607 0.631857 -0.025389 0.774669 -6.230397 0.000000 0.000000 0.000000 1.000000
0.688606 0.103502 -0.717711 7.042706 -0.052294 0.994272 0.093212 78.666840 0.723248 -0.026654 0.690074 -6.650439 0.000000 0.000000 0.000000 1.000000
0.582677 0.102017 -0.806275 6.715259 -0.040019 0.994488 0.096911 78.937775 0.811718 -0.024202 0.583548 -6.810227 0.000000 0.000000 0.000000 1.000000
0.463716 0.102240 -0.880065 6.322553 -0.028795 0.994534 0.100366 79.263405 0.885516 -0.021200 0.464125 -6.703778 0.000000 0.000000 0.000000 1.000000
0.353820 0.099984 -0.929954 5.819911 -0.019094 0.994835 0.099695 79.607231 0.935119 -0.017518 0.353901 -6.414589 0.000000 0.000000 0.000000 1.000000
0.279378 0.096741 -0.955295 5.212614 -0.017817 0.995262 0.095578 79.857620 0.960016 -0.009682 0.279778 -5.933309 0.000000 0.000000 0.000000 1.000000
0.219665 0.093160 -0.971117 4.450726 -0.019219 0.995650 0.091166 79.975647 0.975386 -0.001362 0.220500 -5.311722 0.000000 0.000000 0.000000 1.000000
0.165857 0.089078 -0.982118 3.524184 -0.020882 0.996006 0.086811 79.946709 0.985929 0.006110 0.167054 -4.566155 0.000000 0.000000 0.000000 1.000000
0.116970 0.084379 -0.989545 2.510275 -0.020081 0.996381 0.082588 79.760597 0.992932 0.010211 0.118241 -3.759626 0.000000 0.000000 0.000000 1.000000
0.070922 0.080148 -0.994257 1.531572 -0.025002 0.996596 0.078554 79.587601 0.997169 0.019287 0.072684 -2.922879 0.000000 0.000000 0.000000 1.000000
0.026674 0.075589 -0.996782 0.688170 -0.031129 0.996716 0.074751 79.714920 0.999159 0.029035 0.028940 -2.151460 0.000000 0.000000 0.000000 1.000000
-0.021697 0.070113 -0.997303 -0.021808 -0.041999 0.996593 0.070977 79.901779 0.998882 0.043426 -0.018678 -1.355723 0.000000 0.000000 0.000000 1.000000
-0.080632 0.062534 -0.994780 -0.628439 -0.053816 0.996301 0.066991 80.073784 0.995290 0.058937 -0.076969 -0.511214 0.000000 0.000000 0.000000 1.000000
-0.110167 0.058292 -0.992202 -0.904119 -0.060021 0.996067 0.065184 80.172676 0.992099 0.066734 -0.106235 -0.099418 0.000000 0.000000 0.000000 1.000000</float_array><technique_common><accessor source="#Hips-Matrix-animation-output-transform-array" count="29" stride="16"><param type="float4x4"/></accessor></technique_common></source><source id="Hips-Interpolations"><Name_array id="Hips-Interpolations-array" count="29">
 LINEAR LINEAR LINEAR LINEAR LINEAR LINEAR LINEAR LINEAR LINEAR LINEAR LINEAR
LINEAR LINEAR LINEAR LINEAR LINEAR LINEAR LINEAR LINEAR LINEAR LINEAR LINEAR LINEAR
LINEAR LINEAR LINEAR LINEAR LINEAR LINEAR</Name_array><technique_common><accessor source="#Hips-Interpolations-array" count="29"><param type="name"/></accessor></technique_common></source><sampler id="Hips-Matrix-animation-transform"><input semantic="INPUT" source="#Hips-Matrix-animation-input"/><input semantic="OUTPUT" source="#Hips-Matrix-animation-output-transform"/><input semantic="INTERPOLATION" source="#Hips-Interpolations"/></sampler><channel source="#Hips-Matrix-animation-transform" target="Hips/matrix"/></animation>
    <animation id="Spine-anim" name="Spine"><source id="Spine-Matrix-animation-input"><float_array id="Spine-Matrix-animation-input-array" count="29">

0.000000 0.033333 0.066667 0.100000 0.133333 0.166667 0.200000 0.233333 0.266667 0.300000 0.333333 0.366667 0.400000 0.433333 0.466667 0.500000
0.533333 0.566667 0.600000 0.633333 0.666667 0.700000 0.733333 0.766667 0.800000 0.833333 0.866667 0.900000 0.933333</float_array><technique_common><accessor source="#Spine-Matrix-animation-input-array" count="29"><param name="TIME" type="float"/></accessor></technique_common></source><source id="Spine-Matrix-animation-output-transform"><float_array id="Spine-Matrix-animation-output-transform-array" count="464">

0.998474 -0.048205 0.026930 0.009000 0.049689 0.997110 -0.057474 7.062600 -0.024082 0.058725 0.997984 -0.984700 0.000000 0.000000 0.000000 1.000000
0.998757 -0.044190 0.023038 0.009000 0.045495 0.997187 -0.059576 7.062600 -0.020340 0.060550 0.997958 -0.984700 0.000000 0.000000 0.000000 1.000000
0.999054 -0.038648 0.019958 0.009000 0.039816 0.997288 -0.061894 7.062600 -0.017512 0.062630 0.997883 -0.984700 0.000000 0.000000 0.000000 1.000000
0.999196 -0.036275 0.017044 0.009000 0.037299 0.997242 -0.064173 7.062600 -0.014669 0.064757 0.997793 -0.984700 0.000000 0.000000 0.000000 1.000000
0.998936 -0.043906 0.014126 0.009000 0.044745 0.996823 -0.065891 7.062600 -0.011188 0.066452 0.997727 -0.984700 0.000000 0.000000 0.000000 1.000000
0.998491 -0.053856 0.010754 0.009000 0.054453 0.996307 -0.066380 7.062600 -0.007139 0.066866 0.997736 -0.984700 0.000000 0.000000 0.000000 1.000000
0.998244 -0.058898 0.006321 0.009000 0.059186 0.996120 -0.065135 7.062600 -0.002461 0.065395 0.997856 -0.984700 0.000000 0.000000 0.000000 1.000000
0.998240 -0.059257 0.002268 0.009000 0.059283 0.996297 -0.062266 7.062600 0.001430 0.062291 0.998057 -0.984700 0.000000 0.000000 0.000000 1.000000
0.998327 -0.057808 0.000700 0.009000 0.057750 0.996601 -0.058742 7.062600 0.002698 0.058685 0.998273 -0.984700 0.000000 0.000000 0.000000 1.000000
0.998375 -0.056990 -0.000305 0.009000 0.056884 0.996814 -0.055907 7.062600 0.003491 0.055799 0.998436 -0.984700 0.000000 0.000000 0.000000 1.000000
0.998322 -0.057803 -0.003521 0.009000 0.057532 0.996900 -0.053665 7.062600 0.006612 0.053372 0.998553 -0.984700 0.000000 0.000000 0.000000 1.000000
0.998215 -0.059073 -0.008805 0.009000 0.058550 0.996978 -0.051049 7.062600 0.011794 0.050443 0.998657 -0.984700 0.000000 0.000000 0.000000 1.000000
0.998286 -0.057170 -0.012547 0.009000 0.056493 0.997203 -0.048933 7.062600 0.015309 0.048140 0.998723 -0.984700 0.000000 0.000000 0.000000 1.000000
0.998206 -0.058828 -0.011097 0.009000 0.058219 0.997105 -0.048916 7.062600 0.013943 0.048182 0.998741 -0.984700 0.000000 0.000000 0.000000 1.000000
0.998301 -0.057973 -0.005900 0.009000 0.057595 0.997020 -0.051325 7.062600 0.008857 0.050898 0.998665 -0.984700 0.000000 0.000000 0.000000 1.000000
0.998662 -0.051721 0.000375 0.009000 0.051663 0.997158 -0.054830 7.062600 0.002462 0.054776 0.998496 -0.984700 0.000000 0.000000 0.000000 1.000000
0.999120 -0.041364 0.006924 0.009000 0.041692 0.997495 -0.057137 7.062600 -0.004543 0.057376 0.998342 -0.984700 0.000000 0.000000 0.000000 1.000000
0.999285 -0.035983 0.011634 0.009000 0.036614 0.997555 -0.059535 7.062600 -0.009463 0.059918 0.998158 -0.984700 0.000000 0.000000 0.000000 1.000000
0.999278 -0.034799 0.015252 0.009000 0.035699 0.997352 -0.063357 7.062600 -0.013007 0.063856 0.997874 -0.984700 0.000000 0.000000 0.000000 1.000000
0.999312 -0.032324 0.018184 0.009000 0.033470 0.997211 -0.066708 7.062600 -0.015976 0.067271 0.997607 -0.984700 0.000000 0.000000 0.000000 1.000000
0.999264 -0.032421 0.020526 0.009000 0.033769 0.997034 -0.069160 7.062600 -0.018223 0.069802 0.997394 -0.984700 0.000000 0.000000 0.000000 1.000000
0.999086 -0.037357 0.020763 0.009000 0.038755 0.996680 -0.071600 7.062600 -0.018019 0.072340 0.997217 -0.984700 0.000000 0.000000 0.000000 1.000000
0.998780 -0.045769 0.018537 0.009000 0.047011 0.996202 -0.073293 7.062600 -0.015112 0.074075 0.997138 -0.984700 0.000000 0.000000 0.000000 1.000000
0.998337 -0.055461 0.015706 0.009000 0.056464 0.995738 -0.072916 7.062600 -0.011595 0.073682 0.997214 -0.984700 0.000000 0.000000 0.000000 1.000000
0.997906 -0.062983 0.014749 0.009000 0.063874 0.995441 -0.070830 7.062600 -0.010220 0.071624 0.997379 -0.984700 0.000000 0.000000 0.000000 1.000000
0.997949 -0.061744 0.016884 0.009000 0.062761 0.995680 -0.068429 7.062600 -0.012586 0.069348 0.997513 -0.984700 0.000000 0.000000 0.000000 1.000000
0.998039 -0.059001 0.020900 0.009000 0.060247 0.996060 -0.065081 7.062600 -0.016978 0.066212 0.997661 -0.984700 0.000000 0.000000 0.000000 1.000000
0.998344 -0.051815 0.024986 0.009000 0.053237 0.996772 -0.060088 7.062600 -0.021792 0.061319 0.997880 -0.984700 0.000000 0.000000 0.000000 1.000000
0.998479 -0.048114 0.026930 0.009000 0.049598 0.997114 -0.057477 7.062600 -0.024086 0.058725 0.997984 -0.984700 0.000000 0.000000 0.000000 1.000000</float_array><technique_common><accessor source="#Spine-Matrix-animation-output-transform-array" count="29" stride="16"><param type="float4x4"/></accessor></technique_common></source><source id="Spine-Interpolations"><Name_array id="Spine-Interpolations-array" count="29">
 LINEAR LINEAR LINEAR LINEAR LINEAR LINEAR LINEAR LINEAR LINEAR LINEAR LINEAR
LINEAR LINEAR LINEAR LINEAR LINEAR LINEAR LINEAR LINEAR LINEAR LINEAR LINEAR LINEAR
LINEAR LINEAR LINEAR LINEAR LINEAR LINEAR</Name_array><technique_common><accessor source="#Spine-Interpolations-array" count="29"><param type="name"/></accessor></technique_common></source><sampler id="Spine-Matrix-animation-transform"><input semantic="INPUT" source="#Spine-Matrix-animation-input"/><input semantic="OUTPUT" source="#Spine-Matrix-animation-output-transform"/><input semantic="INTERPOLATION" source="#Spine-Interpolations"/></sampler><channel source="#Spine-Matrix-animation-transform" target="Spine/matrix"/></animation>
    <animation id="Spine1-anim" name="Spine1"><source id="Spine1-Matrix-animation-input"><float_array id="Spine1-Matrix-animation-input-array" count="29">

0.000000 0.033333 0.066667 0.100000 0.133333 0.166667 0.200000 0.233333 0.266667 0.300000 0.333333 0.366667 0.400000 0.433333 0.466667 0.500000
0.533333 0.566667 0.600000 0.633333 0.666667 0.700000 0.733333 0.766667 0.800000 0.833333 0.866667 0.900000 0.933333</float_array><technique_common><accessor source="#Spine1-Matrix-animation-input-array" count="29"><param name="TIME" type="float"/></accessor></technique_common></source><source id="Spine1-Matrix-animation-output-transform"><float_array id="Spine1-Matrix-animation-output-transform-array" count="464">

0.999615 -0.027098 0.005925 0.012400 0.027212 0.999428 -0.020103 8.239700 -0.005377 0.020256 0.999780 -1.148800 0.000000 0.000000 0.000000 1.000000
0.999629 -0.027053 0.003229 0.012400 0.027117 0.999395 -0.021785 8.239700 -0.002638 0.021864 0.999757 -1.148800 0.000000 0.000000 0.000000 1.000000
0.999686 -0.025014 0.001198 0.012400 0.025035 0.999410 -0.023528 8.239700 -0.000609 0.023551 0.999722 -1.148800 0.000000 0.000000 0.000000 1.000000
0.999770 -0.021411 -0.001267 0.012400 0.021372 0.999449 -0.025398 8.239700 0.001810 0.025365 0.999677 -1.148800 0.000000 0.000000 0.000000 1.000000
0.999839 -0.017302 -0.004688 0.012400 0.017169 0.999483 -0.027178 8.239700 0.005156 0.027093 0.999620 -1.148800 0.000000 0.000000 0.000000 1.000000
0.999880 -0.012794 -0.008717 0.012400 0.012546 0.999531 -0.027934 8.239700 0.009071 0.027821 0.999572 -1.148800 0.000000 0.000000 0.000000 1.000000
0.999888 -0.007303 -0.013054 0.012400 0.006949 0.999613 -0.026953 8.239700 0.013246 0.026860 0.999551 -1.148800 0.000000 0.000000 0.000000 1.000000
0.999859 -0.000710 -0.016765 0.012400 0.000300 0.999701 -0.024438 8.239700 0.016777 0.024430 0.999561 -1.148800 0.000000 0.000000 0.000000 1.000000
0.999807 0.006412 -0.018546 0.012400 -0.006808 0.999749 -0.021351 8.239700 0.018405 0.021473 0.999600 -1.148800 0.000000 0.000000 0.000000 1.000000
0.999711 0.013359 -0.019990 0.012400 -0.013734 0.999730 -0.018731 8.239700 0.019734 0.019000 0.999625 -1.148800 0.000000 0.000000 0.000000 1.000000
0.999525 0.020253 -0.023250 0.012400 -0.020639 0.999651 -0.016488 8.239700 0.022908 0.016960 0.999594 -1.148800 0.000000 0.000000 0.000000 1.000000
0.999229 0.027602 -0.027928 0.012400 -0.027998 0.999511 -0.013888 8.239700 0.027531 0.014659 0.999513 -1.148800 0.000000 0.000000 0.000000 1.000000
0.998936 0.033848 -0.031318 0.012400 -0.034230 0.999345 -0.011743 8.239700 0.030900 0.012803 0.999440 -1.148800 0.000000 0.000000 0.000000 1.000000
0.998791 0.038448 -0.030615 0.012400 -0.038817 0.999180 -0.011529 8.239700 0.030147 0.012703 0.999465 -1.148800 0.000000 0.000000 0.000000 1.000000
0.998652 0.044415 -0.026849 0.012400 -0.044791 0.998905 -0.013541 8.239700 0.026218 0.014725 0.999548 -1.148800 0.000000 0.000000 0.000000 1.000000
0.998405 0.051988 -0.022029 0.012400 -0.052360 0.998489 -0.016659 8.239700 0.021130 0.017786 0.999619 -1.148800 0.000000 0.000000 0.000000 1.000000
0.998141 0.058637 -0.016622 0.012400 -0.058948 0.998083 -0.018877 8.239700 0.015483 0.019822 0.999684 -1.148800 0.000000 0.000000 0.000000 1.000000
0.998032 0.061475 -0.012400 0.012400 -0.061726 0.997871 -0.021037 8.239700 0.011081 0.021761 0.999702 -1.148800 0.000000 0.000000 0.000000 1.000000
0.998050 0.061510 -0.010606 0.012400 -0.061752 0.997797 -0.024244 8.239700 0.009092 0.024852 0.999650 -1.148800 0.000000 0.000000 0.000000 1.000000
0.998129 0.060564 -0.008402 0.012400 -0.060771 0.997785 -0.027065 8.239700 0.006745 0.027524 0.999598 -1.148800 0.000000 0.000000 0.000000 1.000000
0.998352 0.057278 -0.003465 0.012400 -0.057355 0.997929 -0.029125 8.239700 0.001789 0.029276 0.999570 -1.148800 0.000000 0.000000 0.000000 1.000000
0.998696 0.051043 -0.000980 0.012400 -0.051049 0.998224 -0.030701 8.239700 -0.000589 0.030711 0.999528 -1.148800 0.000000 0.000000 0.000000 1.000000
0.999049 0.043431 -0.003754 0.012400 -0.043527 0.998566 -0.031153 8.239700 0.002395 0.031287 0.999508 -1.148800 0.000000 0.000000 0.000000 1.000000
0.999387 0.034353 -0.006782 0.012400 -0.034541 0.998956 -0.029904 8.239700 0.005747 0.030120 0.999530 -1.148800 0.000000 0.000000 0.000000 1.000000
0.999697 0.024273 -0.004131 0.012400 -0.024379 0.999314 -0.027876 8.239700 0.003452 0.027968 0.999603 -1.148800 0.000000 0.000000 0.000000 1.000000
0.999946 0.009321 0.004515 0.012400 -0.009198 0.999606 -0.026535 8.239700 -0.004761 0.026492 0.999638 -1.148800 0.000000 0.000000 0.000000 1.000000
0.999925 -0.007696 0.009478 0.012400 0.007929 0.999660 -0.024841 8.239700 -0.009283 0.024914 0.999646 -1.148800 0.000000 0.000000 0.000000 1.000000
0.999746 -0.021173 0.007728 0.012400 0.021337 0.999536 -0.021741 8.239700 -0.007264 0.021901 0.999734 -1.148800 0.000000 0.000000 0.000000 1.000000
0.999615 -0.027098 0.005924 0.012400 0.027212 0.999428 -0.020103 8.239700 -0.005376 0.020256 0.999780 -1.148800 0.000000 0.000000 0.000000 1.000000</float_array><technique_common><accessor source="#Spine1-Matrix-animation-output-transform-array" count="29" stride="16"><param type="float4x4"/></accessor></technique_common></source><source id="Spine1-Interpolations"><Name_array id="Spine1-Interpolations-array" count="29">
 LINEAR LINEAR LINEAR LINEAR LINEAR LINEAR LINEAR LINEAR LINEAR LINEAR LINEAR
LINEAR LINEAR LINEAR LINEAR LINEAR LINEAR LINEAR LINEAR LINEAR LINEAR LINEAR LINEAR
LINEAR LINEAR LINEAR LINEAR LINEAR LINEAR</Name_array><technique_common><accessor source="#Spine1-Interpolations-array" count="29"><param type="name"/></accessor></technique_common></source><sampler id="Spine1-Matrix-animation-transform"><input semantic="INPUT" source="#Spine1-Matrix-animation-input"/><input semantic="OUTPUT" source="#Spine1-Matrix-animation-output-transform"/><input semantic="INTERPOLATION" source="#Spine1-Interpolations"/></sampler><channel source="#Spine1-Matrix-animation-transform" target="Spine1/matrix"/></animation>
    <animation id="Spine2-anim" name="Spine2"><source id="Spine2-Matrix-animation-input"><float_array id="Spine2-Matrix-animation-input-array" count="29">

0.000000 0.033333 0.066667 0.100000 0.133333 0.166667 0.200000 0.233333 0.266667 0.300000 0.333333 0.366667 0.400000 0.433333 0.466667 0.500000
0.533333 0.566667 0.600000 0.633333 0.666667 0.700000 0.733333 0.766667 0.800000 0.833333 0.866667 0.900000 0.933333</float_array><technique_common><accessor source="#Spine2-Matrix-animation-input-array" count="29"><param name="TIME" type="float"/></accessor></technique_common></source><source id="Spine2-Matrix-animation-output-transform"><float_array id="Spine2-Matrix-animation-output-transform-array" count="464">

0.999611 -0.027151 0.006310 0.014200 0.027271 0.999435 -0.019651 9.416800 -0.005773 0.019815 0.999787 -1.313000 0.000000 0.000000 0.000000 1.000000
0.999606 -0.027822 0.003582 0.014200 0.027892 0.999385 -0.021264 9.416800 -0.002988 0.021356 0.999767 -1.313000 0.000000 0.000000 0.000000 1.000000
0.999609 -0.027914 0.001661 0.014200 0.027945 0.999346 -0.022938 9.416800 -0.001020 0.022976 0.999736 -1.313000 0.000000 0.000000 0.000000 1.000000
0.999618 -0.027619 -0.000525 0.014200 0.027597 0.999313 -0.024749 9.416800 0.001208 0.024725 0.999694 -1.313000 0.000000 0.000000 0.000000 1.000000
0.999608 -0.027774 -0.003507 0.014200 0.027672 0.999266 -0.026488 9.416800 0.004240 0.026381 0.999643 -1.313000 0.000000 0.000000 0.000000 1.000000
0.999574 -0.028328 -0.006985 0.014200 0.028129 0.999234 -0.027215 9.416800 0.007751 0.027007 0.999605 -1.313000 0.000000 0.000000 0.000000 1.000000
0.999535 -0.028547 -0.010709 0.014200 0.028258 0.999257 -0.026200 9.416800 0.011449 0.025885 0.999599 -1.313000 0.000000 0.000000 0.000000 1.000000
0.999509 -0.028139 -0.013759 0.014200 0.027809 0.999333 -0.023656 9.416800 0.014416 0.023262 0.999625 -1.313000 0.000000 0.000000 0.000000 1.000000
0.999511 -0.027505 -0.014860 0.014200 0.027197 0.999419 -0.020554 9.416800 0.015416 0.020140 0.999678 -1.313000 0.000000 0.000000 0.000000 1.000000
0.999510 -0.027127 -0.015631 0.014200 0.026846 0.999479 -0.017925 9.416800 0.016109 0.017497 0.999717 -1.313000 0.000000 0.000000 0.000000 1.000000
0.999479 -0.026643 -0.018223 0.014200 0.026358 0.999530 -0.015675 9.416800 0.018632 0.015186 0.999711 -1.313000 0.000000 0.000000 0.000000 1.000000
0.999431 -0.025368 -0.022213 0.014200 0.025081 0.999600 -0.013071 9.416800 0.022536 0.012506 0.999668 -1.313000 0.000000 0.000000 0.000000 1.000000
0.999383 -0.024735 -0.024948 0.014200 0.024469 0.999641 -0.010918 9.416800 0.025209 0.010301 0.999629 -1.313000 0.000000 0.000000 0.000000 1.000000
0.999404 -0.025126 -0.023658 0.014200 0.024879 0.999633 -0.010694 9.416800 0.023918 0.010099 0.999663 -1.313000 0.000000 0.000000 0.000000 1.000000
0.999540 -0.023304 -0.019392 0.014200 0.023061 0.999654 -0.012691 9.416800 0.019681 0.012238 0.999731 -1.313000 0.000000 0.000000 0.000000 1.000000
0.999723 -0.018804 -0.014177 0.014200 0.018579 0.999702 -0.015828 9.416800 0.014471 0.015560 0.999774 -1.313000 0.000000 0.000000 0.000000 1.000000
0.999867 -0.013950 -0.008452 0.014200 0.013795 0.999741 -0.018124 9.416800 0.008703 0.018005 0.999800 -1.313000 0.000000 0.000000 0.000000 1.000000
0.999927 -0.011414 -0.004076 0.014200 0.011329 0.999729 -0.020339 9.416800 0.004307 0.020292 0.999785 -1.313000 0.000000 0.000000 0.000000 1.000000
0.999949 -0.009788 -0.002469 0.014200 0.009727 0.999675 -0.023562 9.416800 0.002699 0.023537 0.999719 -1.313000 0.000000 0.000000 0.000000 1.000000
0.999980 -0.006269 -0.000908 0.014200 0.006243 0.999632 -0.026407 9.416800 0.001073 0.026401 0.999651 -1.313000 0.000000 0.000000 0.000000 1.000000
0.999992 -0.002695 0.002990 0.014200 0.002779 0.999590 -0.028486 9.416800 -0.002912 0.028494 0.999590 -1.313000 0.000000 0.000000 0.000000 1.000000
0.999991 -0.000519 0.004325 0.014200 0.000650 0.999538 -0.030378 9.416800 -0.004308 0.030380 0.999529 -1.313000 0.000000 0.000000 0.000000 1.000000
0.999999 0.001135 0.000573 0.014200 -0.001116 0.999506 -0.031398 9.416800 -0.000608 0.031397 0.999507 -1.313000 0.000000 0.000000 0.000000 1.000000
0.999993 0.001694 -0.003299 0.014200 -0.001794 0.999533 -0.030516 9.416800 0.003246 0.030521 0.999529 -1.313000 0.000000 0.000000 0.000000 1.000000
0.999998 0.001074 -0.001578 0.014200 -0.001118 0.999594 -0.028465 9.416800 0.001547 0.028467 0.999594 -1.313000 0.000000 0.000000 0.000000 1.000000
0.999968 -0.005156 0.006153 0.014200 0.005319 0.999627 -0.026778 9.416800 -0.006013 0.026810 0.999622 -1.313000 0.000000 0.000000 0.000000 1.000000
0.999828 -0.015288 0.010486 0.014200 0.015544 0.999573 -0.024750 9.416800 -0.010103 0.024909 0.999639 -1.313000 0.000000 0.000000 0.000000 1.000000
0.999689 -0.023505 0.008295 0.014200 0.023678 0.999490 -0.021410 9.416800 -0.007788 0.021599 0.999736 -1.313000 0.000000 0.000000 0.000000 1.000000
0.999611 -0.027151 0.006310 0.014200 0.027271 0.999435 -0.019651 9.416800 -0.005773 0.019815 0.999787 -1.313000 0.000000 0.000000 0.000000 1.000000</float_array><technique_common><accessor source="#Spine2-Matrix-animation-output-transform-array" count="29" stride="16"><param type="float4x4"/></accessor></technique_common></source><source id="Spine2-Interpolations"><Name_array id="Spine2-Interpolations-array" count="29">
 LINEAR LINEAR LINEAR LINEAR LINEAR LINEAR LINEAR LINEAR LINEAR LINEAR LINEAR
LINEAR LINEAR LINEAR LINEAR LINEAR LINEAR LINEAR LINEAR LINEAR LINEAR LINEAR LINEAR
LINEAR LINEAR LINEAR LINEAR LINEAR LINEAR</Name_array><technique_common><accessor source="#Spine2-Interpolations-array" count="29"><param type="name"/></accessor></technique_common></source><sampler id="Spine2-Matrix-animation-transform"><input semantic="INPUT" source="#Spine2-Matrix-animation-input"/><input semantic="OUTPUT" source="#Spine2-Matrix-animation-output-transform"/><input semantic="INTERPOLATION" source="#Spine2-Interpolations"/></sampler><channel source="#Spine2-Matrix-animation-transform" target="Spine2/matrix"/></animation>
    <animation id="Neck-anim" name="Neck"><source id="Neck-Matrix-animation-input"><float_array id="Neck-Matrix-animation-input-array" count="29">

0.000000 0.033333 0.066667 0.100000 0.133333 0.166667 0.200000 0.233333 0.266667 0.300000 0.333333 0.366667 0.400000 0.433333 0.466667 0.500000
0.533333 0.566667 0.600000 0.633333 0.666667 0.700000 0.733333 0.766667 0.800000 0.833333 0.866667 0.900000 0.933333</float_array><technique_common><accessor source="#Neck-Matrix-animation-input-array" count="29"><param name="TIME" type="float"/></accessor></technique_common></source><source id="Neck-Matrix-animation-output-transform"><float_array id="Neck-Matrix-animation-output-transform-array" count="464">

0.999968 -0.007936 -0.001378 0.016000 0.007762 0.995152 -0.098040 10.593800 0.002149 0.098026 0.995182 -1.477100 0.000000 0.000000 0.000000 1.000000
0.999826 -0.013753 -0.012567 0.016000 0.012485 0.995305 -0.095980 10.593800 0.013828 0.095807 0.995304 -1.477100 0.000000 0.000000 0.000000 1.000000
0.999126 -0.023637 -0.034485 0.016000 0.020119 0.994881 -0.099032 10.593800 0.036649 0.098252 0.994486 -1.477100 0.000000 0.000000 0.000000 1.000000
0.997432 -0.035069 -0.062443 0.016000 0.028238 0.993847 -0.107105 10.593800 0.065815 0.105066 0.992285 -1.477100 0.000000 0.000000 0.000000 1.000000
0.994654 -0.046043 -0.092427 0.016000 0.034994 0.992422 -0.117787 10.593800 0.097150 0.113923 0.988728 -1.477100 0.000000 0.000000 0.000000 1.000000
0.991266 -0.054303 -0.120181 0.016000 0.038738 0.990984 -0.128255 10.593800 0.126063 0.122479 0.984432 -1.477100 0.000000 0.000000 0.000000 1.000000
0.988205 -0.059309 -0.141182 0.016000 0.039894 0.989826 -0.136574 10.593800 0.147846 0.129331 0.980518 -1.477100 0.000000 0.000000 0.000000 1.000000
0.986460 -0.061378 -0.152086 0.016000 0.039780 0.989183 -0.141188 10.593800 0.159107 0.133227 0.978231 -1.477100 0.000000 0.000000 0.000000 1.000000
0.985442 -0.062456 -0.158122 0.016000 0.039700 0.988900 -0.143182 10.593800 0.165310 0.134820 0.976983 -1.477100 0.000000 0.000000 0.000000 1.000000
0.985081 -0.063193 -0.160071 0.016000 0.040118 0.988839 -0.143487 10.593800 0.167352 0.134924 0.976621 -1.477100 0.000000 0.000000 0.000000 1.000000
0.985346 -0.063356 -0.158365 0.016000 0.040493 0.988801 -0.143639 10.593800 0.165692 0.135121 0.976877 -1.477100 0.000000 0.000000 0.000000 1.000000
0.986008 -0.062910 -0.154374 0.016000 0.040451 0.988672 -0.144538 10.593800 0.161718 0.136271 0.977383 -1.477100 0.000000 0.000000 0.000000 1.000000
0.986837 -0.062316 -0.149228 0.016000 0.040509 0.988610 -0.144948 10.593800 0.156561 0.136995 0.978121 -1.477100 0.000000 0.000000 0.000000 1.000000
0.987871 -0.060415 -0.143039 0.016000 0.039788 0.988936 -0.142909 10.593800 0.150090 0.135485 0.979345 -1.477100 0.000000 0.000000 0.000000 1.000000
0.989250 -0.055081 -0.135463 0.016000 0.036092 0.989657 -0.138839 10.593800 0.141710 0.132458 0.981006 -1.477100 0.000000 0.000000 0.000000 1.000000
0.990836 -0.048517 -0.126057 0.016000 0.031297 0.990330 -0.135154 10.593800 0.131395 0.129971 0.982773 -1.477100 0.000000 0.000000 0.000000 1.000000
0.992427 -0.044358 -0.114550 0.016000 0.028939 0.990704 -0.132921 10.593800 0.119381 0.128599 0.984485 -1.477100 0.000000 0.000000 0.000000 1.000000
0.993987 -0.040875 -0.101580 0.016000 0.027475 0.991136 -0.129980 10.593800 0.105992 0.126407 0.986300 -1.477100 0.000000 0.000000 0.000000 1.000000
0.995480 -0.035186 -0.088215 0.016000 0.023979 0.991864 -0.125025 10.593800 0.091897 0.122345 0.988224 -1.477100 0.000000 0.000000 0.000000 1.000000
0.996813 -0.027446 -0.074908 0.016000 0.018392 0.992726 -0.118979 10.593800 0.077629 0.117222 0.990067 -1.477100 0.000000 0.000000 0.000000 1.000000
0.997889 -0.019636 -0.061905 0.016000 0.012575 0.993577 -0.112459 10.593800 0.063715 0.111443 0.991726 -1.477100 0.000000 0.000000 0.000000 1.000000
0.998692 -0.012463 -0.049578 0.016000 0.007140 0.994327 -0.106125 10.593800 0.050620 0.105632 0.993116 -1.477100 0.000000 0.000000 0.000000 1.000000
0.999249 -0.006330 -0.038238 0.016000 0.002413 0.994821 -0.101612 10.593800 0.038683 0.101443 0.994089 -1.477100 0.000000 0.000000 0.000000 1.000000
0.999603 -0.001944 -0.028092 0.016000 -0.000856 0.995053 -0.099340 10.593800 0.028146 0.099325 0.994657 -1.477100 0.000000 0.000000 0.000000 1.000000
0.999813 0.000756 -0.019349 0.016000 -0.002653 0.995162 -0.098215 10.593800 0.019181 0.098248 0.994977 -1.477100 0.000000 0.000000 0.000000 1.000000
0.999923 0.001222 -0.012310 0.016000 -0.002426 0.995161 -0.098229 10.593800 0.012130 0.098251 0.995088 -1.477100 0.000000 0.000000 0.000000 1.000000
0.999972 -0.001236 -0.007366 0.016000 0.000502 0.995099 -0.098882 10.593800 0.007452 0.098876 0.995072 -1.477100 0.000000 0.000000 0.000000 1.000000
0.999979 -0.005586 -0.003234 0.016000 0.005241 0.995130 -0.098427 10.593800 0.003768 0.098408 0.995139 -1.477100 0.000000 0.000000 0.000000 1.000000
0.999968 -0.007936 -0.001378 0.016000 0.007762 0.995152 -0.098040 10.593800 0.002149 0.098026 0.995182 -1.477100 0.000000 0.000000 0.000000 1.000000</float_array><technique_common><accessor source="#Neck-Matrix-animation-output-transform-array" count="29" stride="16"><param type="float4x4"/></accessor></technique_common></source><source id="Neck-Interpolations"><Name_array id="Neck-Interpolations-array" count="29">
 LINEAR LINEAR LINEAR LINEAR LINEAR LINEAR LINEAR LINEAR LINEAR LINEAR LINEAR
LINEAR LINEAR LINEAR LINEAR LINEAR LINEAR LINEAR LINEAR LINEAR LINEAR LINEAR LINEAR
LINEAR LINEAR LINEAR LINEAR LINEAR LINEAR</Name_array><technique_common><accessor source="#Neck-Interpolations-array" count="29"><param type="name"/></accessor></technique_common></source><sampler id="Neck-Matrix-animation-transform"><input semantic="INPUT" source="#Neck-Matrix-animation-input"/><input semantic="OUTPUT" source="#Neck-Matrix-animation-output-transform"/><input semantic="INTERPOLATION" source="#Neck-Interpolations"/></sampler><channel source="#Neck-Matrix-animation-transform" target="Neck/matrix"/></animation>
    <animation id="Head-anim" name="Head"><source id="Head-Matrix-animation-input"><float_array id="Head-Matrix-animation-input-array" count="29">

0.000000 0.033333 0.066667 0.100000 0.133333 0.166667 0.200000 0.233333 0.266667 0.300000 0.333333 0.366667 0.400000 0.433333 0.466667 0.500000
0.533333 0.566667 0.600000 0.633333 0.666667 0.700000 0.733333 0.766667 0.800000 0.833333 0.866667 0.900000 0.933333</float_array><technique_common><accessor source="#Head-Matrix-animation-input-array" count="29"><param name="TIME" type="float"/></accessor></technique_common></source><source id="Head-Matrix-animation-output-transform"><float_array id="Head-Matrix-animation-output-transform-array" count="464">

0.999711 0.001406 0.024009 0.000000 -0.004554 0.991295 0.131584 5.056400 -0.023615 -0.131656 0.991014 0.719600 0.000000 0.000000 0.000000 1.000000
0.999888 -0.007847 -0.012751 -0.000000 0.009530 0.990415 0.137798 5.056400 0.011547 -0.137904 0.990378 0.719600 0.000000 0.000000 0.000000 1.000000
0.997258 -0.022344 -0.070547 0.000000 0.031691 0.990434 0.134298 5.056400 0.066872 -0.136165 0.988427 0.719600 0.000000 0.000000 0.000000 1.000000
0.989387 -0.039681 -0.139783 0.000000 0.056901 0.990967 0.121439 5.056400 0.133702 -0.128104 0.982707 0.719600 0.000000 0.000000 0.000000 1.000000
0.975599 -0.056545 -0.212155 -0.000000 0.078593 0.992179 0.096972 5.056400 0.205012 -0.111279 0.972413 0.719600 0.000000 0.000000 0.000000 1.000000
0.957218 -0.072721 -0.280082 -0.000000 0.094192 0.993497 0.063962 5.056400 0.273609 -0.087607 0.957843 0.719600 0.000000 0.000000 0.000000 1.000000
0.938109 -0.087651 -0.335064 0.000000 0.104466 0.993999 0.032457 5.056400 0.330208 -0.065451 0.941636 0.719600 0.000000 0.000000 0.000000 1.000000
0.923383 -0.100209 -0.370570 0.000000 0.112367 0.993602 0.011307 5.056400 0.367066 -0.052081 0.928736 0.719600 0.000000 0.000000 0.000000 1.000000
0.911480 -0.112705 -0.395602 0.000000 0.121292 0.992611 -0.003329 5.056400 0.393054 -0.044949 0.918416 0.719600 0.000000 0.000000 0.000000 1.000000
0.904115 -0.123746 -0.408978 0.000000 0.130256 0.991408 -0.012020 5.056400 0.406951 -0.042404 0.912465 0.719600 0.000000 0.000000 0.000000 1.000000
0.901638 -0.131852 -0.411903 0.000000 0.137430 0.990379 -0.016196 5.056400 0.410076 -0.042005 0.911084 0.719600 0.000000 0.000000 0.000000 1.000000
0.901594 -0.137520 -0.410143 0.000000 0.142413 0.989630 -0.018764 5.056400 0.408470 -0.041492 0.911828 0.719600 0.000000 0.000000 0.000000 1.000000
0.902233 -0.141021 -0.407541 0.000000 0.145368 0.989166 -0.020458 5.056400 0.406011 -0.040785 0.912958 0.719600 0.000000 0.000000 0.000000 1.000000
0.903404 -0.142861 -0.404291 0.000000 0.147026 0.988912 -0.020908 5.056400 0.402795 -0.040553 0.914391 0.719600 0.000000 0.000000 0.000000 1.000000
0.904824 -0.144551 -0.400499 0.000000 0.149352 0.988594 -0.019390 5.056400 0.398733 -0.042271 0.916092 0.719600 0.000000 0.000000 0.000000 1.000000
0.907598 -0.147680 -0.393009 0.000000 0.154649 0.987869 -0.014071 5.056400 0.390320 -0.048008 0.919427 0.719600 0.000000 0.000000 0.000000 1.000000
0.914376 -0.150754 -0.375753 0.000000 0.160793 0.986977 -0.004699 5.056400 0.371568 -0.056122 0.926708 0.719600 0.000000 0.000000 0.000000 1.000000
0.925841 -0.146969 -0.348164 -0.000000 0.159322 0.987202 0.006946 5.056400 0.342687 -0.061901 0.937408 0.719600 0.000000 0.000000 0.000000 1.000000
0.939771 -0.133089 -0.314831 -0.000000 0.146231 0.989080 0.018383 5.056400 0.308946 -0.063314 0.948970 0.719600 0.000000 0.000000 0.000000 1.000000
0.953303 -0.114606 -0.279427 -0.000000 0.127943 0.991331 0.029904 5.056400 0.273578 -0.064258 0.959701 0.719600 0.000000 0.000000 0.000000 1.000000
0.965299 -0.095560 -0.243034 0.000000 0.109894 0.992874 0.046093 5.056400 0.236897 -0.071202 0.968922 0.719600 0.000000 0.000000 0.000000 1.000000
0.975604 -0.076096 -0.205928 -0.000000 0.091533 0.993580 0.066490 5.056400 0.199546 -0.083717 0.976306 0.719600 0.000000 0.000000 0.000000 1.000000
0.983974 -0.057985 -0.168618 0.000000 0.073124 0.993694 0.085003 5.056400 0.162626 -0.095971 0.982009 0.719600 0.000000 0.000000 0.000000 1.000000
0.990460 -0.042554 -0.131063 0.000000 0.055725 0.993573 0.098528 5.056400 0.126028 -0.104891 0.986466 0.719600 0.000000 0.000000 0.000000 1.000000
0.995143 -0.029815 -0.093819 0.000000 0.039935 0.993359 0.107905 5.056400 0.089978 -0.111128 0.989724 0.719600 0.000000 0.000000 0.000000 1.000000
0.998111 -0.020732 -0.057833 -0.000000 0.027249 0.993076 0.114268 5.056400 0.055064 -0.115628 0.991765 0.719600 0.000000 0.000000 0.000000 1.000000
0.999614 -0.013174 -0.024470 -0.000000 0.016019 0.992651 0.119947 5.056400 0.022710 -0.120293 0.992479 0.719600 0.000000 0.000000 0.000000 1.000000
0.999959 -0.003507 0.008408 -0.000000 0.002404 0.991806 0.127732 5.056400 -0.008787 -0.127707 0.991773 0.719600 0.000000 0.000000 0.000000 1.000000
0.999711 0.001406 0.024008 0.000000 -0.004554 0.991295 0.131584 5.056400 -0.023614 -0.131656 0.991014 0.719600 0.000000 0.000000 0.000000 1.000000</float_array><technique_common><accessor source="#Head-Matrix-animation-output-transform-array" count="29" stride="16"><param type="float4x4"/></accessor></technique_common></source><source id="Head-Interpolations"><Name_array id="Head-Interpolations-array" count="29">
 LINEAR LINEAR LINEAR LINEAR LINEAR LINEAR LINEAR LINEAR LINEAR LINEAR LINEAR
LINEAR LINEAR LINEAR LINEAR LINEAR LINEAR LINEAR LINEAR LINEAR LINEAR LINEAR LINEAR
LINEAR LINEAR LINEAR LINEAR LINEAR LINEAR</Name_array><technique_common><accessor source="#Head-Interpolations-array" count="29"><param type="name"/></accessor></technique_common></source><sampler id="Head-Matrix-animation-transform"><input semantic="INPUT" source="#Head-Matrix-animation-input"/><input semantic="OUTPUT" source="#Head-Matrix-animation-output-transform"/><input semantic="INTERPOLATION" source="#Head-Interpolations"/></sampler><channel source="#Head-Matrix-animation-transform" target="Head/matrix"/></animation>
    <animation id="LeftShoulder-anim" name="LeftShoulder"><source id="LeftShoulder-Matrix-animation-input"><float_array id="LeftShoulder-Matrix-animation-input-array" count="29">

0.000000 0.033333 0.066667 0.100000 0.133333 0.166667 0.200000 0.233333 0.266667 0.300000 0.333333 0.366667 0.400000 0.433333 0.466667 0.500000
0.533333 0.566667 0.600000 0.633333 0.666667 0.700000 0.733333 0.766667 0.800000 0.833333 0.866667 0.900000 0.933333</float_array><technique_common><accessor source="#LeftShoulder-Matrix-animation-input-array" count="29"><param name="TIME" type="float"/></accessor></technique_common></source><source id="LeftShoulder-Matrix-animation-output-transform"><float_array id="LeftShoulder-Matrix-animation-output-transform-array" count="464">

0.931717 0.205107 -0.299724 3.528500 -0.220290 0.975279 -0.017389 8.730400 0.288748 0.082228 0.953868 -1.456100 0.000000 0.000000 0.000000 1.000000
0.932262 0.201001 -0.300810 3.528500 -0.216392 0.976134 -0.018383 8.730400 0.289936 0.082230 0.953507 -1.456100 0.000000 0.000000 0.000000 1.000000
0.932973 0.197044 -0.301223 3.528500 -0.212599 0.976947 -0.019413 8.730400 0.290453 0.082152 0.953356 -1.456100 0.000000 0.000000 0.000000 1.000000
0.933808 0.194019 -0.300598 3.528500 -0.209611 0.977576 -0.020189 8.730400 0.289940 0.081861 0.953537 -1.456100 0.000000 0.000000 0.000000 1.000000
0.934562 0.192480 -0.299243 3.528500 -0.208004 0.977911 -0.020601 8.730400 0.288668 0.081497 0.953955 -1.456100 0.000000 0.000000 0.000000 1.000000
0.934985 0.192381 -0.297980 3.528500 -0.207804 0.977952 -0.020655 8.730400 0.287437 0.081234 0.954349 -1.456100 0.000000 0.000000 0.000000 1.000000
0.935083 0.193173 -0.297159 3.528500 -0.208509 0.977806 -0.020484 8.730400 0.286607 0.081115 0.954608 -1.456100 0.000000 0.000000 0.000000 1.000000
0.935165 0.194408 -0.296093 3.528500 -0.209623 0.977573 -0.020213 8.730400 0.285523 0.080970 0.954945 -1.456100 0.000000 0.000000 0.000000 1.000000
0.935576 0.196049 -0.293705 3.528500 -0.211026 0.977278 -0.019872 8.730400 0.283136 0.080571 0.955689 -1.456100 0.000000 0.000000 0.000000 1.000000
0.936380 0.197988 -0.289815 3.528500 -0.212600 0.976945 -0.019496 8.730400 0.279274 0.079870 0.956884 -1.456100 0.000000 0.000000 0.000000 1.000000
0.937335 0.199542 -0.285633 3.528500 -0.213778 0.976693 -0.019224 8.730400 0.275140 0.079081 0.958146 -1.456100 0.000000 0.000000 0.000000 1.000000
0.937419 0.199925 -0.285089 3.528500 -0.213916 0.976677 -0.018473 8.730400 0.274747 0.078302 0.958323 -1.456100 0.000000 0.000000 0.000000 1.000000
0.935854 0.199501 -0.290478 3.528500 -0.213440 0.976812 -0.016778 8.730400 0.280395 0.077701 0.956735 -1.456100 0.000000 0.000000 0.000000 1.000000
0.932667 0.199706 -0.300416 3.528500 -0.213763 0.976781 -0.014315 8.730400 0.290582 0.077569 0.953701 -1.456100 0.000000 0.000000 0.000000 1.000000
0.928537 0.201412 -0.311852 3.528500 -0.215633 0.976408 -0.011427 8.730400 0.302193 0.077856 0.950062 -1.456100 0.000000 0.000000 0.000000 1.000000
0.925280 0.203694 -0.319946 3.528500 -0.217954 0.975917 -0.009001 8.730400 0.310408 0.078063 0.947393 -1.456100 0.000000 0.000000 0.000000 1.000000
0.924807 0.205170 -0.320371 3.528500 -0.219339 0.975613 -0.008365 8.730400 0.310842 0.078006 0.947255 -1.456100 0.000000 0.000000 0.000000 1.000000
0.927166 0.206276 -0.312751 3.528500 -0.220303 0.975383 -0.009781 8.730400 0.303035 0.077969 0.949785 -1.456100 0.000000 0.000000 0.000000 1.000000
0.930005 0.208155 -0.302922 3.528500 -0.222084 0.974955 -0.011876 8.730400 0.292863 0.078319 0.952941 -1.456100 0.000000 0.000000 0.000000 1.000000
