<?xml version="1.0" encoding="utf-8"?>
<COLLADA xmlns="http://www.collada.org/2005/11/COLLADASchema" version="1.4.1">
  <asset><contributor><author>Mixamo</author><authoring_tool>COLLADA Mixamo exporter</authoring_tool><comments></comments></contributor><created>2018-10-30T16:27:54Z</created><modified>2018-10-30T16:27:54Z</modified><revision></revision><title></title><unit meter="0.010000"/><up_axis>Y_UP</up_axis></asset>
  <library_animations>
    <animation id="Hips-anim" name="Hips"><source id="Hips-Matrix-animation-input"><float_array id="Hips-Matrix-animation-input-array" count="249">

0.000000 0.033333 0.066667 0.100000 0.133333 0.166667 0.200000 0.233333 0.266667 0.300000 0.333333 0.366667 0.400000 0.433333 0.466667 0.500000
0.533333 0.566667 0.600000 0.633333 0.666667 0.700000 0.733333 0.766667 0.800000 0.833333 0.866667 0.900000 0.933333 0.966667 1.000000 1.033333
1.066667 1.100000 1.133333 1.166667 1.200000 1.233333 1.266667 1.300000 1.333333 1.366667 1.400000 1.433333 1.466667 1.500000 1.533333 1.566667
1.600000 1.633333 1.666667 1.700000 1.733333 1.766667 1.800000 1.833333 1.866667 1.900000 1.933333 1.966667 2.000000 2.033333 2.066667 2.100000
2.133333 2.166667 2.200000 2.233333 2.266667 2.300000 2.333333 2.366667 2.400000 2.433333 2.466667 2.500000 2.533333 2.566667 2.600000 2.633333
2.666667 2.700000 2.733333 2.766667 2.800000 2.833333 2.866667 2.900000 2.933333 2.966667 3.000000 3.033333 3.066667 3.100000 3.133333 3.166667
3.200000 3.233333 3.266667 3.300000 3.333333 3.366667 3.400000 3.433333 3.466667 3.500000 3.533333 3.566667 3.600000 3.633333 3.666667 3.700000
3.733333 3.766667 3.800000 3.833333 3.866667 3.900000 3.933333 3.966667 4.000000 4.033333 4.066667 4.100000 4.133333 4.166667 4.200000 4.233333
4.266667 4.300000 4.333333 4.366667 4.400000 4.433333 4.466667 4.500000 4.533333 4.566667 4.600000 4.633333 4.666667 4.700000 4.733333 4.766667
4.800000 4.833333 4.866667 4.900000 4.933333 4.966667 5.000000 5.033333 5.066667 5.100000 5.133333 5.166667 5.200000 5.233333 5.266667 5.300000
5.333333 5.366667 5.400000 5.433333 5.466667 5.500000 5.533333 5.566667 5.600000 5.633333 5.666667 5.700000 5.733333 5.766667 5.800000 5.833333
5.866667 5.900000 5.933333 5.966667 6.000000 6.033333 6.066667 6.100000 6.133333 6.166667 6.200000 6.233333 6.266667 6.300000 6.333333 6.366667
6.400000 6.433333 6.466667 6.500000 6.533333 6.566667 6.600000 6.633333 6.666667 6.700000 6.733333 6.766667 6.800000 6.833333 6.866667 6.900000
6.933333 6.966667 7.000000 7.033333 7.066667 7.100000 7.133333 7.166667 7.200000 7.233333 7.266667 7.300000 7.333333 7.366667 7.400000 7.433333
7.466667 7.500000 7.533333 7.566667 7.600000 7.633333 7.666667 7.700000 7.733333 7.766667 7.800000 7.833333 7.866667 7.900000 7.933333 7.966667
8.000000 8.033333 8.066667 8.100000 8.133333 8.166667 8.200000 8.233333 8.266667</float_array><technique_common><accessor source="#Hips-Matrix-animation-input-array" count="249"><param name="TIME" type="float"/></accessor></technique_common></source><source id="Hips-Matrix-animation-output-transform"><float_array id="Hips-Matrix-animation-output-transform-array" count="3984">

0.983210 -0.128486 0.129573 0.222521 -0.132585 -0.015136 0.991056 8.759672 -0.125375 -0.991596 -0.031917 -66.636406 0.000000 0.000000 0.000000 1.000000
0.983389 -0.128895 0.127798 0.257367 -0.131251 -0.018621 0.991174 8.810181 -0.125378 -0.991483 -0.035229 -66.638771 0.000000 0.000000 0.000000 1.000000
0.983495 -0.129779 0.126075 0.283199 -0.129897 -0.021388 0.991297 8.850319 -0.125953 -0.991312 -0.037893 -66.639854 0.000000 0.000000 0.000000 1.000000
0.983636 -0.130422 0.124302 0.297923 -0.128385 -0.023350 0.991449 8.879600 -0.126404 -0.991184 -0.039712 -66.649902 0.000000 0.000000 0.000000 1.000000
0.983855 -0.130521 0.122451 0.298238 -0.126694 -0.024684 0.991635 8.896553 -0.126407 -0.991138 -0.040822 -66.666931 0.000000 0.000000 0.000000 1.000000
0.984196 -0.129901 0.120352 0.272419 -0.124677 -0.025666 0.991865 8.895718 -0.125755 -0.991195 -0.041456 -66.685036 0.000000 0.000000 0.000000 1.000000
0.984565 -0.129070 0.118204 0.220299 -0.122317 -0.024393 0.992191 8.862505 -0.125179 -0.991335 -0.039804 -66.702385 0.000000 0.000000 0.000000 1.000000
0.984902 -0.127984 0.116572 0.149745 -0.120298 -0.021754 0.992499 8.801615 -0.124488 -0.991538 -0.036822 -66.719803 0.000000 0.000000 0.000000 1.000000
0.985143 -0.126998 0.115604 0.075186 -0.118864 -0.018374 0.992741 8.720678 -0.123952 -0.991733 -0.033197 -66.730858 0.000000 0.000000 0.000000 1.000000
0.985228 -0.126503 0.115423 0.008831 -0.118217 -0.014781 0.992878 8.628542 -0.123896 -0.991856 -0.029517 -66.733818 0.000000 0.000000 0.000000 1.000000
0.985121 -0.126804 0.116008 -0.038319 -0.118407 -0.011518 0.992898 8.535753 -0.124567 -0.991861 -0.026361 -66.727829 0.000000 0.000000 0.000000 1.000000
0.984842 -0.127878 0.117189 -0.055117 -0.119326 -0.009156 0.992813 8.454416 -0.125886 -0.991748 -0.024276 -66.722313 0.000000 0.000000 0.000000 1.000000
0.984486 -0.129291 0.118622 -0.046149 -0.120640 -0.007858 0.992665 8.393192 -0.127411 -0.991576 -0.023334 -66.718590 0.000000 0.000000 0.000000 1.000000
0.984143 -0.130607 0.120015 -0.023917 -0.121976 -0.007088 0.992508 8.348011 -0.128778 -0.991409 -0.022907 -66.714218 0.000000 0.000000 0.000000 1.000000
0.983873 -0.131471 0.121279 -0.000807 -0.123180 -0.006393 0.992364 8.313265 -0.129692 -0.991299 -0.022484 -66.709816 0.000000 0.000000 0.000000 1.000000
0.983718 -0.131655 0.122335 0.013582 -0.124132 -0.005498 0.992250 8.284756 -0.129962 -0.991280 -0.021751 -66.704262 0.000000 0.000000 0.000000 1.000000
0.983685 -0.131264 0.123022 0.014018 -0.124658 -0.004286 0.992191 8.259262 -0.129712 -0.991338 -0.020579 -66.696541 0.000000 0.000000 0.000000 1.000000
0.983755 -0.130500 0.123273 -0.003360 -0.124712 -0.002875 0.992189 8.237242 -0.129126 -0.991444 -0.019104 -66.687340 0.000000 0.000000 0.000000 1.000000
0.983886 -0.129655 0.123118 -0.035097 -0.124354 -0.001457 0.992237 8.218375 -0.128470 -0.991558 -0.017556 -66.679581 0.000000 0.000000 0.000000 1.000000
0.984066 -0.128813 0.122566 -0.075615 -0.123623 -0.000212 0.992329 8.202793 -0.127799 -0.991669 -0.016132 -66.673752 0.000000 0.000000 0.000000 1.000000
0.984278 -0.127975 0.121734 -0.119095 -0.122644 0.000774 0.992450 8.190956 -0.127103 -0.991777 -0.014933 -66.670219 0.000000 0.000000 0.000000 1.000000
0.984498 -0.127149 0.120821 -0.159845 -0.121620 0.001494 0.992576 8.182737 -0.126385 -0.991883 -0.013993 -66.668846 0.000000 0.000000 0.000000 1.000000
0.984695 -0.126367 0.120033 -0.193181 -0.120750 0.002000 0.992681 8.177455 -0.125682 -0.991982 -0.013289 -66.669342 0.000000 0.000000 0.000000 1.000000
0.984838 -0.125717 0.119541 -0.215928 -0.120193 0.002416 0.992748 8.174377 -0.125094 -0.992063 -0.012731 -66.670525 0.000000 0.000000 0.000000 1.000000
0.984891 -0.125378 0.119460 -0.226140 -0.120044 0.002914 0.992764 8.173162 -0.124819 -0.992105 -0.012181 -66.671227 0.000000 0.000000 0.000000 1.000000
0.984862 -0.125401 0.119673 -0.227875 -0.120188 0.003477 0.992745 8.173281 -0.124907 -0.992100 -0.011647 -66.670525 0.000000 0.000000 0.000000 1.000000
0.984769 -0.125663 0.120159 -0.222909 -0.120595 0.004159 0.992693 8.174443 -0.125245 -0.992064 -0.011059 -66.668793 0.000000 0.000000 0.000000 1.000000
0.984631 -0.126082 0.120855 -0.213777 -0.121204 0.004932 0.992615 8.176002 -0.125747 -0.992008 -0.010426 -66.666405 0.000000 0.000000 0.000000 1.000000
0.984477 -0.126532 0.121637 -0.203780 -0.121900 0.005692 0.992526 8.177434 -0.126278 -0.991946 -0.009821 -66.663857 0.000000 0.000000 0.000000 1.000000
0.984340 -0.126883 0.122372 -0.195195 -0.122565 0.006313 0.992440 8.178478 -0.126696 -0.991898 -0.009337 -66.661789 0.000000 0.000000 0.000000 1.000000
0.984249 -0.127050 0.122934 -0.188826 -0.123086 0.006686 0.992373 8.179195 -0.126903 -0.991874 -0.009057 -66.661095 0.000000 0.000000 0.000000 1.000000
0.984231 -0.126957 0.123175 -0.184850 -0.123319 0.006757 0.992344 8.179728 -0.126817 -0.991885 -0.009005 -66.662552 0.000000 0.000000 0.000000 1.000000
0.984268 -0.126721 0.123117 -0.181845 -0.123279 0.006594 0.992350 8.180754 -0.126564 -0.991916 -0.009132 -66.667297 0.000000 0.000000 0.000000 1.000000
0.984339 -0.126385 0.122898 -0.177887 -0.123101 0.006235 0.992375 8.182182 -0.126188 -0.991962 -0.009421 -66.673538 0.000000 0.000000 0.000000 1.000000
0.984421 -0.126051 0.122585 -0.172422 -0.122847 0.005719 0.992409 8.184118 -0.125795 -0.992007 -0.009855 -66.680328 0.000000 0.000000 0.000000 1.000000
0.984502 -0.125721 0.122273 -0.165772 -0.122625 0.004962 0.992441 8.186921 -0.125377 -0.992053 -0.010532 -66.686821 0.000000 0.000000 0.000000 1.000000
0.984564 -0.125368 0.122135 -0.158582 -0.122615 0.003907 0.992447 8.190327 -0.124898 -0.992103 -0.011525 -66.692909 0.000000 0.000000 0.000000 1.000000
0.984596 -0.124925 0.122328 -0.152298 -0.122984 0.002479 0.992406 8.195335 -0.124279 -0.992163 -0.012923 -66.698883 0.000000 0.000000 0.000000 1.000000
0.984587 -0.124351 0.122982 -0.148393 -0.123874 0.000563 0.992298 8.204561 -0.123462 -0.992238 -0.014850 -66.706131 0.000000 0.000000 0.000000 1.000000
0.984522 -0.123709 0.124150 -0.144299 -0.125352 -0.001951 0.992110 8.220741 -0.122491 -0.992317 -0.017427 -66.722122 0.000000 0.000000 0.000000 1.000000
0.984375 -0.123171 0.125833 -0.137246 -0.127421 -0.005066 0.991836 8.245771 -0.121528 -0.992373 -0.020682 -66.749306 0.000000 0.000000 0.000000 1.000000
0.984132 -0.122898 0.127988 -0.123969 -0.130035 -0.008750 0.991471 8.279637 -0.120730 -0.992381 -0.024592 -66.788330 0.000000 0.000000 0.000000 1.000000
0.983783 -0.122987 0.130560 -0.102425 -0.133143 -0.012982 0.991012 8.319958 -0.120186 -0.992323 -0.029147 -66.837326 0.000000 0.000000 0.000000 1.000000
0.983351 -0.123319 0.133466 -0.073778 -0.136669 -0.017853 0.990456 8.362480 -0.119759 -0.992206 -0.034410 -66.893913 0.000000 0.000000 0.000000 1.000000
0.982890 -0.123545 0.136617 -0.045150 -0.140541 -0.023583 0.989794 8.401474 -0.119062 -0.992059 -0.040543 -66.953331 0.000000 0.000000 0.000000 1.000000
0.982476 -0.123150 0.139907 -0.025375 -0.144652 -0.030424 0.989015 8.431454 -0.117541 -0.991922 -0.047705 -67.015907 0.000000 0.000000 0.000000 1.000000
0.982222 -0.121527 0.143078 -0.020515 -0.148701 -0.038492 0.988133 8.448989 -0.114577 -0.991842 -0.055878 -67.085472 0.000000 0.000000 0.000000 1.000000
0.982144 -0.118620 0.146024 -0.035893 -0.152507 -0.047505 0.987160 8.451024 -0.110160 -0.991803 -0.064747 -67.166481 0.000000 0.000000 0.000000 1.000000
0.982177 -0.114865 0.148777 -0.070944 -0.156006 -0.056688 0.986128 8.436256 -0.104838 -0.991762 -0.073597 -67.257668 0.000000 0.000000 0.000000 1.000000
0.982207 -0.111104 0.151409 -0.114977 -0.159192 -0.064847 0.985116 8.407201 -0.099632 -0.991691 -0.081380 -67.340744 0.000000 0.000000 0.000000 1.000000
0.982132 -0.108192 0.153982 -0.154699 -0.162003 -0.069693 0.984326 8.371870 -0.095765 -0.991684 -0.085975 -67.388306 0.000000 0.000000 0.000000 1.000000
0.981918 -0.106690 0.156381 -0.185134 -0.164326 -0.070210 0.983904 8.346447 -0.093993 -0.991810 -0.086472 -67.363846 0.000000 0.000000 0.000000 1.000000
0.981602 -0.106217 0.158669 -0.206345 -0.166279 -0.067047 0.983797 8.341248 -0.093858 -0.992080 -0.083475 -67.253265 0.000000 0.000000 0.000000 1.000000
0.981009 -0.106316 0.162230 -0.203313 -0.168880 -0.056801 0.983999 8.352248 -0.095400 -0.992709 -0.073677 -66.998932 0.000000 0.000000 0.000000 1.000000
0.980350 -0.106915 0.165782 -0.178903 -0.170736 -0.038915 0.984548 8.440414 -0.098811 -0.993506 -0.056405 -66.573502 0.000000 0.000000 0.000000 1.000000
0.979979 -0.105708 0.168721 -0.184699 -0.171250 -0.015258 0.985109 8.606367 -0.101560 -0.994280 -0.033055 -65.994942 0.000000 0.000000 0.000000 1.000000
0.980478 -0.099741 0.169452 -0.180343 -0.168983 0.013195 0.985531 8.851679 -0.100534 -0.994926 -0.003917 -65.183006 0.000000 0.000000 0.000000 1.000000
0.981679 -0.091936 0.166898 -0.242946 -0.163230 0.046124 0.985509 9.165352 -0.098302 -0.994696 0.030272 -64.260880 0.000000 0.000000 0.000000 1.000000
0.983688 -0.083568 0.159294 -0.396301 -0.152457 0.082690 0.984845 9.530553 -0.095473 -0.993065 0.068600 -63.306736 0.000000 0.000000 0.000000 1.000000
0.986169 -0.077180 0.146679 -0.606479 -0.136676 0.121943 0.983082 9.915359 -0.093760 -0.989532 0.109708 -62.384846 0.000000 0.000000 0.000000 1.000000
0.988740 -0.074666 0.129683 -0.810674 -0.116312 0.161787 0.979947 10.293749 -0.094150 -0.983997 0.151281 -61.543800 0.000000 0.000000 0.000000 1.000000
0.990919 -0.076865 0.110324 -0.936267 -0.093141 0.199366 0.975489 10.632645 -0.096976 -0.976906 0.190396 -60.918392 0.000000 0.000000 0.000000 1.000000
0.992282 -0.083133 0.092011 -0.955794 -0.070554 0.231699 0.970226 10.901133 -0.101976 -0.969229 0.224046 -60.523338 0.000000 0.000000 0.000000 1.000000
0.992776 -0.091453 0.077661 -0.903136 -0.051852 0.256666 0.965108 11.082825 -0.108195 -0.962164 0.250070 -60.325432 0.000000 0.000000 0.000000 1.000000
0.992731 -0.099547 0.067636 -0.857287 -0.037975 0.274189 0.960926 11.190307 -0.114203 -0.956510 0.268415 -60.232960 0.000000 0.000000 0.000000 1.000000
0.992548 -0.106152 0.059841 -0.879558 -0.027060 0.286812 0.957605 11.260847 -0.118815 -0.952087 0.281802 -60.182400 0.000000 0.000000 0.000000 1.000000
0.992558 -0.110503 0.051167 -1.015314 -0.016192 0.296687 0.954837 11.329462 -0.120693 -0.948560 0.292690 -60.113003 0.000000 0.000000 0.000000 1.000000
0.992849 -0.112886 0.038824 -1.259877 -0.002463 0.305784 0.952098 11.417196 -0.119351 -0.945385 0.303319 -60.012276 0.000000 0.000000 0.000000 1.000000
0.993207 -0.114310 0.021748 -1.569892 0.015548 0.315599 0.948765 11.547770 -0.115317 -0.941982 0.315232 -59.882011 0.000000 0.000000 0.000000 1.000000
0.993185 -0.116545 0.001037 -1.896142 0.037433 0.327399 0.944145 11.732241 -0.110375 -0.937671 0.329530 -59.712093 0.000000 0.000000 0.000000 1.000000
0.992764 -0.118352 -0.020333 -2.155549 0.059915 0.341432 0.937995 11.949934 -0.104071 -0.932426 0.346052 -59.506023 0.000000 0.000000 0.000000 1.000000
0.992233 -0.118669 -0.037304 -2.319528 0.077914 0.359104 0.930040 12.177205 -0.096971 -0.925723 0.365560 -59.260868 0.000000 0.000000 0.000000 1.000000
0.992146 -0.115988 -0.046824 -2.343658 0.087861 0.379783 0.920894 12.401775 -0.089030 -0.917776 0.386991 -58.952614 0.000000 0.000000 0.000000 1.000000
0.992668 -0.109990 -0.050125 -2.230890 0.090232 0.398377 0.912773 12.614944 -0.080428 -0.910603 0.405380 -58.567947 0.000000 0.000000 0.000000 1.000000
0.994066 -0.098152 -0.046891 -1.977263 0.084036 0.419227 0.903984 12.816231 -0.069070 -0.902560 0.424988 -58.079727 0.000000 0.000000 0.000000 1.000000
0.995789 -0.083193 -0.038507 -1.679218 0.071669 0.444583 0.892866 13.015554 -0.057160 -0.891866 0.448674 -57.530304 0.000000 0.000000 0.000000 1.000000
0.997317 -0.067130 -0.029185 -1.345090 0.057502 0.471774 0.879842 13.211473 -0.045295 -0.879160 0.474369 -56.822449 0.000000 0.000000 0.000000 1.000000
0.998482 -0.050440 -0.022133 -1.079965 0.044390 0.498938 0.865500 13.394503 -0.032613 -0.865169 0.500419 -56.163818 0.000000 0.000000 0.000000 1.000000
0.999278 -0.033574 -0.017764 -0.910721 0.032772 0.525602 0.850099 13.543755 -0.019204 -0.850068 0.526323 -55.577518 0.000000 0.000000 0.000000 1.000000
0.999748 -0.016211 -0.015504 -0.820898 0.021873 0.551368 0.833975 13.646002 -0.004971 -0.834105 0.551584 -55.044224 0.000000 0.000000 0.000000 1.000000
0.999907 0.001884 -0.013539 -0.794162 0.009990 0.575360 0.817840 13.702260 0.009331 -0.817898 0.575287 -54.557369 0.000000 0.000000 0.000000 1.000000
0.999754 0.019721 -0.010187 -0.804408 -0.003615 0.597454 0.801895 13.739649 0.021900 -0.801661 0.597378 -54.112282 0.000000 0.000000 0.000000 1.000000
0.999337 0.036067 -0.004988 -0.823656 -0.018373 0.617791 0.786128 13.767376 0.031434 -0.785515 0.618044 -53.710133 0.000000 0.000000 0.000000 1.000000
0.998762 0.049714 0.001965 -0.834473 -0.033254 0.637648 0.769610 13.804924 0.037008 -0.768722 0.638511 -53.355915 0.000000 0.000000 0.000000 1.000000
0.998163 0.059662 0.010575 -0.831107 -0.047260 0.657370 0.752085 13.863096 0.037920 -0.751203 0.658981 -53.046024 0.000000 0.000000 0.000000 1.000000
0.997586 0.066418 0.020249 -0.824052 -0.059979 0.677338 0.733223 13.946143 0.034984 -0.732668 0.679686 -52.779881 0.000000 0.000000 0.000000 1.000000
0.997106 0.069383 0.031064 -0.831444 -0.070750 0.697485 0.713099 14.050144 0.027810 -0.713233 0.700375 -52.557178 0.000000 0.000000 0.000000 1.000000
0.996655 0.069648 0.042762 -0.849160 -0.079809 0.716691 0.692809 14.171512 0.017606 -0.693904 0.719852 -52.361362 0.000000 0.000000 0.000000 1.000000
0.996229 0.066908 0.055235 -0.875861 -0.086646 0.734337 0.673232 14.296535 0.004484 -0.675479 0.737365 -52.178509 0.000000 0.000000 0.000000 1.000000
0.995701 0.063063 0.067847 -0.893684 -0.092141 0.749417 0.655656 14.406569 -0.009498 -0.659089 0.752005 -52.006439 0.000000 0.000000 0.000000 1.000000
0.995100 0.058341 0.079822 -0.893075 -0.096050 0.761890 0.640546 14.485819 -0.023446 -0.645074 0.763760 -51.851398 0.000000 0.000000 0.000000 1.000000
0.994470 0.053733 0.090231 -0.867557 -0.098672 0.772224 0.627641 14.527082 -0.035953 -0.633074 0.773256 -51.721836 0.000000 0.000000 0.000000 1.000000
0.993905 0.049575 0.098468 -0.824033 -0.100019 0.781152 0.616278 14.538269 -0.046366 -0.622370 0.781349 -51.620419 0.000000 0.000000 0.000000 1.000000
0.993485 0.046026 0.104252 -0.773810 -0.100127 0.789395 0.605665 14.534675 -0.054420 -0.612158 0.788861 -51.544132 0.000000 0.000000 0.000000 1.000000
0.993270 0.042801 0.107620 -0.727461 -0.098857 0.797434 0.595254 14.531137 -0.060343 -0.601887 0.796298 -51.485680 0.000000 0.000000 0.000000 1.000000
0.993253 0.039619 0.108988 -0.691812 -0.096282 0.805576 0.584616 14.537459 -0.064636 -0.591166 0.803956 -51.440819 0.000000 0.000000 0.000000 1.000000
0.993396 0.036430 0.108798 -0.666972 -0.092680 0.813780 0.573736 14.555795 -0.067636 -0.580031 0.811782 -51.409309 0.000000 0.000000 0.000000 1.000000
0.993635 0.033146 0.107657 -0.650243 -0.088395 0.821836 0.562826 14.579618 -0.069821 -0.568760 0.819535 -51.391960 0.000000 0.000000 0.000000 1.000000
0.993940 0.029875 0.105787 -0.634323 -0.083671 0.829758 0.551816 14.606831 -0.071292 -0.557323 0.827229 -51.387836 0.000000 0.000000 0.000000 1.000000
0.994285 0.026332 0.103462 -0.618384 -0.078469 0.837369 0.540977 14.631971 -0.072391 -0.546004 0.834649 -51.393044 0.000000 0.000000 0.000000 1.000000
0.994629 0.022232 0.101084 -0.603338 -0.072782 0.844628 0.530383 14.650604 -0.073587 -0.534892 0.841710 -51.401306 0.000000 0.000000 0.000000 1.000000
0.994931 0.017494 0.099028 -0.592611 -0.066718 0.851635 0.519871 14.661170 -0.075241 -0.523843 0.848485 -51.405628 0.000000 0.000000 0.000000 1.000000
0.995168 0.012349 0.097409 -0.588471 -0.060460 0.858747 0.508821 14.667062 -0.077367 -0.512251 0.855344 -51.401360 0.000000 0.000000 0.000000 1.000000
0.995330 0.006744 0.096298 -0.591775 -0.053932 0.866197 0.496783 14.675543 -0.080063 -0.499657 0.862516 -51.397320 0.000000 0.000000 0.000000 1.000000
0.995419 0.000631 0.095608 -0.602326 -0.046944 0.874370 0.482984 14.693282 -0.083292 -0.485260 0.870394 -51.399616 0.000000 0.000000 0.000000 1.000000
0.995436 -0.005677 0.095264 -0.615264 -0.039661 0.883333 0.467066 14.726354 -0.086801 -0.468712 0.879076 -51.414909 0.000000 0.000000 0.000000 1.000000
0.995396 -0.011826 0.095115 -0.624615 -0.032276 0.893044 0.448810 14.780054 -0.090250 -0.449814 0.888551 -51.445614 0.000000 0.000000 0.000000 1.000000
0.995323 -0.017687 0.094970 -0.625992 -0.024803 0.903352 0.428183 14.857481 -0.093365 -0.428536 0.898688 -51.484467 0.000000 0.000000 0.000000 1.000000
0.995262 -0.022977 0.094478 -0.617390 -0.017396 0.913922 0.405517 14.956830 -0.095663 -0.405239 0.909192 -51.526623 0.000000 0.000000 0.000000 1.000000
0.995239 -0.027443 0.093526 -0.601481 -0.010309 0.924525 0.380983 15.073404 -0.096922 -0.380133 0.919840 -51.568180 0.000000 0.000000 0.000000 1.000000
0.995267 -0.031228 0.092026 -0.584230 -0.003497 0.934843 0.355044 15.199554 -0.097117 -0.353685 0.930309 -51.608395 0.000000 0.000000 0.000000 1.000000
0.995339 -0.034742 0.089962 -0.571490 0.003319 0.944642 0.328087 15.329338 -0.096380 -0.326259 0.940354 -51.648125 0.000000 0.000000 0.000000 1.000000
0.995419 -0.038573 0.087478 -0.569023 0.010533 0.953673 0.300659 15.455236 -0.095023 -0.298361 0.949711 -51.688801 0.000000 0.000000 0.000000 1.000000
0.995457 -0.043080 0.084906 -0.578593 0.018250 0.961579 0.273921 15.569351 -0.093444 -0.271127 0.957997 -51.729458 0.000000 0.000000 0.000000 1.000000
0.995418 -0.048361 0.082489 -0.596834 0.026384 0.968098 0.249178 15.664555 -0.091908 -0.245860 0.964938 -51.768650 0.000000 0.000000 0.000000 1.000000
0.995292 -0.054221 0.080338 -0.617915 0.034616 0.973073 0.227884 15.734041 -0.090531 -0.224030 0.970368 -51.798634 0.000000 0.000000 0.000000 1.000000
0.995107 -0.059972 0.078523 -0.636086 0.042265 0.976710 0.210359 15.778790 -0.089310 -0.206011 0.974466 -51.815243 0.000000 0.000000 0.000000 1.000000
0.994875 -0.065211 0.077273 -0.651149 0.048958 0.979350 0.196154 15.806654 -0.088468 -0.191366 0.977524 -51.814274 0.000000 0.000000 0.000000 1.000000
0.994571 -0.070289 0.076731 -0.669810 0.055141 0.981337 0.184219 15.829570 -0.088247 -0.178988 0.979886 -51.791763 0.000000 0.000000 0.000000 1.000000
0.994164 -0.075492 0.077066 -0.700244 0.061184 0.982920 0.173567 15.862351 -0.088853 -0.167839 0.981802 -51.743309 0.000000 0.000000 0.000000 1.000000
0.993633 -0.081101 0.078207 -0.749886 0.067508 0.984308 0.163037 15.920537 -0.090202 -0.156719 0.983515 -51.668659 0.000000 0.000000 0.000000 1.000000
0.992924 -0.087852 0.079899 -0.824714 0.074987 0.985565 0.151784 16.012297 -0.092080 -0.144719 0.985179 -51.572979 0.000000 0.000000 0.000000 1.000000
0.991995 -0.096279 0.081714 -0.924734 0.084316 0.986699 0.138979 16.139919 -0.094008 -0.130976 0.986918 -51.462662 0.000000 0.000000 0.000000 1.000000
0.990828 -0.106519 0.083143 -1.041586 0.095726 0.987594 0.124478 16.298561 -0.095370 -0.115377 0.988733 -51.342918 0.000000 0.000000 0.000000 1.000000
0.989434 -0.118218 0.083939 -1.165304 0.108866 0.988128 0.108406 16.484741 -0.095758 -0.098122 0.990557 -51.204769 0.000000 0.000000 0.000000 1.000000
0.987838 -0.130709 0.084207 -1.291454 0.122948 0.988179 0.091570 16.701006 -0.095181 -0.080103 0.992232 -51.021042 0.000000 0.000000 0.000000 1.000000
0.986150 -0.142987 0.084042 -1.421470 0.136767 0.987712 0.075634 16.957670 -0.093824 -0.063092 0.993588 -50.752895 0.000000 0.000000 0.000000 1.000000
0.984457 -0.154482 0.083542 -1.562155 0.149642 0.986830 0.061425 17.271206 -0.091931 -0.047969 0.994609 -50.357414 0.000000 0.000000 0.000000 1.000000
0.982824 -0.165156 0.082346 -1.717078 0.161498 0.985641 0.049307 17.658051 -0.089307 -0.035162 0.995383 -49.810184 0.000000 0.000000 0.000000 1.000000
0.981203 -0.175532 0.080177 -1.882137 0.172923 0.984184 0.038457 18.129574 -0.085660 -0.023870 0.996038 -49.108452 0.000000 0.000000 0.000000 1.000000
0.979264 -0.187209 0.077422 -2.055722 0.185640 0.982245 0.027047 18.690063 -0.081111 -0.012113 0.996631 -48.270897 0.000000 0.000000 0.000000 1.000000
0.976692 -0.201083 0.075095 -2.226718 0.200665 0.979572 0.013156 19.331097 -0.076206 0.002219 0.997090 -47.315552 0.000000 0.000000 0.000000 1.000000
0.973417 -0.216802 0.073865 -2.377477 0.217637 0.976024 -0.003353 20.031908 -0.071367 0.019340 0.997263 -46.246620 0.000000 0.000000 0.000000 1.000000
0.969429 -0.233923 0.074074 -2.488720 0.236056 0.971505 -0.021362 20.759228 -0.066966 0.038194 0.997024 -45.050869 0.000000 0.000000 0.000000 1.000000
0.964504 -0.253041 0.075515 -2.565092 0.256425 0.965779 -0.038956 21.489832 -0.063073 0.056937 0.996383 -43.684875 0.000000 0.000000 0.000000 1.000000
0.959129 -0.272527 0.076167 -2.570158 0.276852 0.959428 -0.053401 22.188709 -0.058523 0.072305 0.995664 -42.131996 0.000000 0.000000 0.000000 1.000000
0.953307 -0.292597 0.074786 -2.498036 0.297336 0.952710 -0.062737 22.843962 -0.052893 0.082044 0.995224 -40.379978 0.000000 0.000000 0.000000 1.000000
0.947241 -0.312963 0.069196 -2.339840 0.317392 0.945967 -0.066393 23.454138 -0.044679 0.084852 0.995391 -38.453854 0.000000 0.000000 0.000000 1.000000
0.940803 -0.333744 0.059195 -2.096733 0.337313 0.939022 -0.066768 24.036579 -0.033302 0.082783 0.996011 -36.394978 0.000000 0.000000 0.000000 1.000000
0.934247 -0.353750 0.045215 -1.779185 0.356142 0.932060 -0.066533 24.616911 -0.018607 0.078261 0.996759 -34.263630 0.000000 0.000000 0.000000 1.000000
0.927932 -0.371685 0.028145 -1.417778 0.372749 0.925331 -0.069424 25.186554 -0.000239 0.074912 0.997190 -32.137135 0.000000 0.000000 0.000000 1.000000
0.922444 -0.386043 0.008255 -1.009808 0.385473 0.919414 -0.078031 25.849691 0.022534 0.075161 0.996917 -30.004488 0.000000 0.000000 0.000000 1.000000
0.917917 -0.396506 -0.014508 -0.567133 0.393580 0.914554 -0.093203 26.628189 0.050224 0.079842 0.995541 -27.923616 0.000000 0.000000 0.000000 1.000000
0.914030 -0.403655 -0.040145 -0.110453 0.397193 0.910687 -0.113520 27.479103 0.082382 0.087816 0.992724 -25.970980 0.000000 0.000000 0.000000 1.000000
0.910703 -0.407355 -0.068426 0.356072 0.395932 0.908086 -0.136450 28.399704 0.117720 0.097173 0.988281 -24.184986 0.000000 0.000000 0.000000 1.000000
0.908050 -0.407288 -0.097784 0.818434 0.389627 0.907020 -0.159706 29.385731 0.153738 0.106922 0.982310 -22.607168 0.000000 0.000000 0.000000 1.000000
0.906818 -0.402238 -0.126041 1.259516 0.377498 0.907997 -0.181761 30.415466 0.187556 0.117244 0.975232 -21.286747 0.000000 0.000000 0.000000 1.000000
0.907866 -0.391259 -0.150652 1.646657 0.359202 0.911182 -0.201796 31.487940 0.216226 0.129089 0.967772 -20.268791 0.000000 0.000000 0.000000 1.000000
0.911681 -0.374096 -0.169973 1.953530 0.335075 0.916284 -0.219428 32.612694 0.237830 0.143095 0.960708 -19.557739 0.000000 0.000000 0.000000 1.000000
0.918099 -0.350988 -0.184122 2.177005 0.305857 0.922849 -0.234097 33.794769 0.252081 0.158609 0.954619 -19.090702 0.000000 0.000000 0.000000 1.000000
0.925879 -0.324255 -0.193925 2.328967 0.274022 0.929679 -0.246188 35.051659 0.260116 0.174801 0.949623 -18.773146 0.000000 0.000000 0.000000 1.000000
0.934229 -0.294612 -0.201047 2.438554 0.240497 0.936581 -0.254908 36.368908 0.263396 0.189792 0.945834 -18.530638 0.000000 0.000000 0.000000 1.000000
0.942480 -0.263056 -0.206233 2.505078 0.206279 0.943208 -0.260400 37.766602 0.263020 0.202881 0.943218 -18.288828 0.000000 0.000000 0.000000 1.000000
0.950322 -0.229975 -0.209763 2.546590 0.171633 0.949340 -0.263240 39.243900 0.259675 0.214160 0.941650 -18.026184 0.000000 0.000000 0.000000 1.000000
0.957385 -0.196390 -0.211768 2.567324 0.137176 0.954447 -0.264977 40.808228 0.254160 0.224635 0.940713 -17.733608 0.000000 0.000000 0.000000 1.000000
0.963159 -0.164491 -0.212762 2.567543 0.104389 0.957771 -0.267914 42.476616 0.247847 0.235834 0.939656 -17.422815 0.000000 0.000000 0.000000 1.000000
0.967310 -0.136696 -0.213601 2.549652 0.075032 0.958845 -0.273836 44.267502 0.242242 0.248857 0.937757 -17.112623 0.000000 0.000000 0.000000 1.000000
0.969922 -0.114239 -0.214945 2.528499 0.050122 0.957839 -0.282900 46.179451 0.238201 0.263617 0.934755 -16.808729 0.000000 0.000000 0.000000 1.000000
0.971422 -0.097041 -0.216614 2.515817 0.029960 0.955438 -0.293669 48.203194 0.235460 0.278787 0.931041 -16.511215 0.000000 0.000000 0.000000 1.000000
0.972485 -0.084396 -0.217141 2.514094 0.014795 0.952566 -0.303973 50.323753 0.232495 0.292397 0.927605 -16.212940 0.000000 0.000000 0.000000 1.000000
0.973703 -0.074911 -0.215152 2.521088 0.004190 0.950122 -0.311852 52.520897 0.227782 0.302749 0.925450 -15.904523 0.000000 0.000000 0.000000 1.000000
0.975462 -0.067256 -0.209645 2.534557 -0.002523 0.948722 -0.316101 54.766148 0.220155 0.308873 0.925272 -15.580332 0.000000 0.000000 0.000000 1.000000
0.977817 -0.060645 -0.200488 2.549116 -0.006053 0.948588 -0.316457 57.020206 0.209372 0.310651 0.927178 -15.238948 0.000000 0.000000 0.000000 1.000000
0.980561 -0.054448 -0.188506 2.562903 -0.007528 0.949581 -0.313430 59.248650 0.196068 0.308757 0.930713 -14.883456 0.000000 0.000000 0.000000 1.000000
0.983409 -0.049155 -0.174615 2.565028 -0.007152 0.951333 -0.308083 61.411751 0.181261 0.304220 0.935198 -14.511769 0.000000 0.000000 0.000000 1.000000
0.986155 -0.045413 -0.159485 2.561109 -0.004802 0.953545 -0.301213 63.408291 0.165756 0.297808 0.940125 -14.105556 0.000000 0.000000 0.000000 1.000000
0.988710 -0.044036 -0.143224 2.534120 0.000099 0.956032 -0.293262 65.234825 0.149841 0.289937 0.945243 -13.656404 0.000000 0.000000 0.000000 1.000000
0.991005 -0.044407 -0.126242 2.473488 0.006851 0.958939 -0.283530 66.920654 0.133649 0.280115 0.950617 -13.150681 0.000000 0.000000 0.000000 1.000000
0.993027 -0.044827 -0.109029 2.379083 0.013814 0.962755 -0.270023 68.469696 0.117072 0.266635 0.956661 -12.575325 0.000000 0.000000 0.000000 1.000000
0.994826 -0.043575 -0.091771 2.255303 0.019236 0.967793 -0.251010 69.891243 0.099753 0.247946 0.963624 -11.923765 0.000000 0.000000 0.000000 1.000000
0.996461 -0.040032 -0.073908 2.113801 0.022378 0.973917 -0.225798 71.183685 0.081020 0.223345 0.971367 -11.204931 0.000000 0.000000 0.000000 1.000000
0.997852 -0.035234 -0.055230 1.966013 0.023834 0.980531 -0.194910 72.346947 0.061022 0.193175 0.979265 -10.442994 0.000000 0.000000 0.000000 1.000000
0.998886 -0.030291 -0.036187 1.823631 0.024105 0.986732 -0.160560 73.384514 0.040570 0.159509 0.986362 -9.661589 0.000000 0.000000 0.000000 1.000000
0.999508 -0.025834 -0.017780 1.696087 0.023388 0.991728 -0.126206 74.304985 0.020893 0.125728 0.991845 -8.875383 0.000000 0.000000 0.000000 1.000000
0.999750 -0.022314 -0.001063 1.587909 0.022110 0.995160 -0.095745 75.117462 0.003194 0.095698 0.995405 -8.092394 0.000000 0.000000 0.000000 1.000000
0.999715 -0.019530 0.013736 1.501945 0.020471 0.997187 -0.072110 75.828926 -0.012289 0.072370 0.997302 -7.322058 0.000000 0.000000 0.000000 1.000000
0.999491 -0.017279 0.026831 1.438592 0.018771 0.998233 -0.056381 76.439522 -0.025810 0.056856 0.998049 -6.577036 0.000000 0.000000 0.000000 1.000000
0.999140 -0.015439 0.038476 1.399266 0.017268 0.998714 -0.047671 76.950348 -0.037691 0.048294 0.998122 -5.872441 0.000000 0.000000 0.000000 1.000000
0.998717 -0.014134 0.048633 1.387260 0.016267 0.998910 -0.043747 77.366112 -0.047962 0.044482 0.997858 -5.221970 0.000000 0.000000 0.000000 1.000000
0.998274 -0.013827 0.057072 1.403604 0.016237 0.998987 -0.041974 77.697250 -0.056434 0.042829 0.997487 -4.632707 0.000000 0.000000 0.000000 1.000000
0.997872 -0.014441 0.063591 1.444293 0.017026 0.999043 -0.040297 77.958862 -0.062948 0.041294 0.997162 -4.102567 0.000000 0.000000 0.000000 1.000000
0.997544 -0.015326 0.068339 1.496024 0.017947 0.999120 -0.037911 78.167824 -0.067698 0.039044 0.996942 -3.620897 0.000000 0.000000 0.000000 1.000000
0.997313 -0.015561 0.071582 1.542127 0.018113 0.999218 -0.035138 78.334328 -0.070979 0.036340 0.996816 -3.176328 0.000000 0.000000 0.000000 1.000000
0.997187 -0.014897 0.073462 1.561733 0.017357 0.999306 -0.032970 78.471474 -0.072920 0.034153 0.996753 -2.763217 0.000000 0.000000 0.000000 1.000000
0.997181 -0.013532 0.073810 1.538461 0.015964 0.999345 -0.032462 78.583824 -0.073323 0.033549 0.996744 -2.384816 0.000000 0.000000 0.000000 1.000000
0.997246 -0.012215 0.073156 1.477204 0.014747 0.999307 -0.034165 78.671173 -0.072688 0.035150 0.996735 -2.049122 0.000000 0.000000 0.000000 1.000000
0.997403 -0.011406 0.071113 1.372857 0.014118 0.999187 -0.037755 78.732803 -0.070625 0.038661 0.996753 -1.762377 0.000000 0.000000 0.000000 1.000000
0.997616 -0.011365 0.068070 1.240762 0.014265 0.999005 -0.042264 78.769112 -0.067521 0.043134 0.996785 -1.527172 0.000000 0.000000 0.000000 1.000000
0.997866 -0.011962 0.064192 1.097744 0.014968 0.998803 -0.046557 78.780678 -0.063558 0.047418 0.996851 -1.341936 0.000000 0.000000 0.000000 1.000000
0.998141 -0.012860 0.059570 0.962688 0.015838 0.998634 -0.049790 78.770050 -0.058849 0.050641 0.996982 -1.202134 0.000000 0.000000 0.000000 1.000000
0.998428 -0.013728 0.054334 0.853751 0.016544 0.998525 -0.051721 78.744225 -0.053544 0.052538 0.997182 -1.100496 0.000000 0.000000 0.000000 1.000000
0.998707 -0.014481 0.048723 0.786074 0.017044 0.998470 -0.052609 78.713112 -0.047887 0.053371 0.997426 -1.026221 0.000000 0.000000 0.000000 1.000000
0.998953 -0.015475 0.043059 0.772898 0.017737 0.998456 -0.052648 78.685127 -0.042178 0.053357 0.997684 -0.968450 0.000000 0.000000 0.000000 1.000000
0.999181 -0.016859 0.036784 0.813315 0.018767 0.998463 -0.052150 78.667564 -0.035848 0.052797 0.997962 -0.918177 0.000000 0.000000 0.000000 1.000000
0.999371 -0.018450 0.030285 0.916499 0.020006 0.998451 -0.051910 78.664940 -0.029280 0.052483 0.998192 -0.865012 0.000000 0.000000 0.000000 1.000000
0.999511 -0.020169 0.023884 1.062907 0.021385 0.998428 -0.051813 78.675972 -0.022802 0.052298 0.998371 -0.808499 0.000000 0.000000 0.000000 1.000000
0.999606 -0.021687 0.017795 1.236307 0.022577 0.998420 -0.051448 78.692131 -0.016651 0.051830 0.998517 -0.750235 0.000000 0.000000 0.000000 1.000000
0.999669 -0.022622 0.012254 1.414584 0.023214 0.998451 -0.050574 78.705963 -0.011091 0.050841 0.998645 -0.693635 0.000000 0.000000 0.000000 1.000000
0.999712 -0.022819 0.007383 1.573715 0.023155 0.998525 -0.049119 78.713875 -0.006251 0.049276 0.998766 -0.642475 0.000000 0.000000 0.000000 1.000000
0.999743 -0.022452 0.003191 1.692835 0.022577 0.998636 -0.047085 78.716118 -0.002129 0.047144 0.998886 -0.598421 0.000000 0.000000 0.000000 1.000000
0.999760 -0.021902 -0.000432 1.753528 0.021861 0.998773 -0.044436 78.716568 0.001405 0.044416 0.999012 -0.561531 0.000000 0.000000 0.000000 1.000000
0.999760 -0.021710 -0.002992 1.758818 0.021570 0.998928 -0.040967 78.716484 0.003878 0.040893 0.999156 -0.531815 0.000000 0.000000 0.000000 1.000000
0.999753 -0.021634 -0.005157 1.718430 0.021432 0.999108 -0.036386 78.719612 0.005940 0.036267 0.999324 -0.501281 0.000000 0.000000 0.000000 1.000000
0.999730 -0.022274 -0.006597 1.637403 0.022062 0.999286 -0.030678 78.728729 0.007276 0.030524 0.999508 -0.473157 0.000000 0.000000 0.000000 1.000000
0.999699 -0.023224 -0.007879 1.537866 0.023030 0.999450 -0.023879 78.743378 0.008430 0.023691 0.999684 -0.448275 0.000000 0.000000 0.000000 1.000000
0.999658 -0.024325 -0.009551 1.438954 0.024167 0.999575 -0.016325 78.758316 0.009944 0.016089 0.999821 -0.430159 0.000000 0.000000 0.000000 1.000000
0.999600 -0.025478 -0.012244 1.358784 0.025373 0.999641 -0.008655 78.767380 0.012460 0.008341 0.999888 -0.423534 0.000000 0.000000 0.000000 1.000000
0.999515 -0.026515 -0.016316 1.312583 0.026485 0.999647 -0.002048 78.768524 0.016365 0.001615 0.999865 -0.431799 0.000000 0.000000 0.000000 1.000000
0.999399 -0.027551 -0.021041 1.303259 0.027600 0.999617 0.002057 78.763054 0.020977 -0.002636 0.999776 -0.456025 0.000000 0.000000 0.000000 1.000000
0.999263 -0.028804 -0.025388 1.324110 0.028888 0.999578 0.002950 78.752907 0.025292 -0.003681 0.999673 -0.498548 0.000000 0.000000 0.000000 1.000000
0.999133 -0.030279 -0.028560 1.367380 0.030313 0.999540 0.000756 78.740509 0.028524 -0.001621 0.999592 -0.556118 0.000000 0.000000 0.000000 1.000000
0.999034 -0.032024 -0.030105 1.424205 0.031930 0.999484 -0.003609 78.728226 0.030205 0.002644 0.999540 -0.619863 0.000000 0.000000 0.000000 1.000000
0.998977 -0.033925 -0.029906 1.483570 0.033669 0.999392 -0.009006 78.717422 0.030193 0.007990 0.999512 -0.681729 0.000000 0.000000 0.000000 1.000000
0.998959 -0.035749 -0.028329 1.534772 0.035356 0.999273 -0.014250 78.708878 0.028818 0.013234 0.999497 -0.734674 0.000000 0.000000 0.000000 1.000000
0.998964 -0.037056 -0.026405 1.572716 0.036579 0.999163 -0.018336 78.703171 0.027062 0.017352 0.999483 -0.773664 0.000000 0.000000 0.000000 1.000000
0.998980 -0.037548 -0.025097 1.595107 0.037032 0.999100 -0.020704 78.701294 0.025851 0.019753 0.999471 -0.794389 0.000000 0.000000 0.000000 1.000000
0.999021 -0.036921 -0.024370 1.596564 0.036396 0.999103 -0.021626 78.702728 0.025147 0.020718 0.999469 -0.800451 0.000000 0.000000 0.000000 1.000000
0.999095 -0.035083 -0.024052 1.576714 0.034554 0.999160 -0.022050 78.704330 0.024805 0.021199 0.999468 -0.802544 0.000000 0.000000 0.000000 1.000000
0.999164 -0.032695 -0.024544 1.546282 0.032130 0.999217 -0.023086 78.705215 0.025280 0.022278 0.999432 -0.798770 0.000000 0.000000 0.000000 1.000000
0.999221 -0.030115 -0.025522 1.512955 0.029482 0.999257 -0.024818 78.705086 0.026251 0.024046 0.999366 -0.791687 0.000000 0.000000 0.000000 1.000000
0.999257 -0.027720 -0.026792 1.483452 0.026991 0.999266 -0.027192 78.703651 0.027526 0.026449 0.999271 -0.781811 0.000000 0.000000 0.000000 1.000000
0.999270 -0.025950 -0.028054 1.463491 0.025112 0.999240 -0.029823 78.700783 0.028807 0.029097 0.999161 -0.766126 0.000000 0.000000 0.000000 1.000000
0.999262 -0.024929 -0.029236 1.454484 0.023980 0.999188 -0.032364 78.695885 0.030019 0.031639 0.999048 -0.743257 0.000000 0.000000 0.000000 1.000000
0.999231 -0.024704 -0.030446 1.454621 0.023654 0.999129 -0.034367 78.689514 0.031268 0.033620 0.998945 -0.712707 0.000000 0.000000 0.000000 1.000000
0.999185 -0.024963 -0.031718 1.458221 0.023829 0.999081 -0.035633 78.682472 0.032579 0.034848 0.998861 -0.676389 0.000000 0.000000 0.000000 1.000000
0.999131 -0.025364 -0.033064 1.461782 0.024159 0.999047 -0.036351 78.675140 0.033955 0.035521 0.998792 -0.637433 0.000000 0.000000 0.000000 1.000000
0.999076 -0.025650 -0.034477 1.463794 0.024385 0.999031 -0.036634 78.668945 0.035384 0.035760 0.998734 -0.597812 0.000000 0.000000 0.000000 1.000000
0.999025 -0.025729 -0.035889 1.464296 0.024412 0.999029 -0.036664 78.665482 0.036797 0.035752 0.998683 -0.559129 0.000000 0.000000 0.000000 1.000000
0.998978 -0.025674 -0.037196 1.464157 0.024311 0.999032 -0.036661 78.664764 0.038102 0.035719 0.998635 -0.523332 0.000000 0.000000 0.000000 1.000000
0.998936 -0.025657 -0.038312 1.463742 0.024248 0.999028 -0.036799 78.665596 0.039219 0.035831 0.998588 -0.492308 0.000000 0.000000 0.000000 1.000000
0.998897 -0.025846 -0.039198 1.462918 0.024394 0.999015 -0.037068 78.668137 0.040117 0.036070 0.998544 -0.467057 0.000000 0.000000 0.000000 1.000000
0.998858 -0.026328 -0.039865 1.460633 0.024839 0.998992 -0.037393 78.670868 0.040809 0.036360 0.998505 -0.448518 0.000000 0.000000 0.000000 1.000000
0.998821 -0.026966 -0.040365 1.456358 0.025441 0.998960 -0.037835 78.672783 0.041343 0.036763 0.998468 -0.437533 0.000000 0.000000 0.000000 1.000000
0.998792 -0.027578 -0.040666 1.449307 0.026019 0.998924 -0.038387 78.672913 0.041681 0.037283 0.998435 -0.434304 0.000000 0.000000 0.000000 1.000000
0.998777 -0.028033 -0.040731 1.439064 0.026446 0.998890 -0.038974 78.671310 0.041779 0.037849 0.998410 -0.437011 0.000000 0.000000 0.000000 1.000000
0.998778 -0.028258 -0.040536 1.426492 0.026654 0.998861 -0.039587 78.667801 0.041609 0.038458 0.998394 -0.443728 0.000000 0.000000 0.000000 1.000000
0.998800 -0.028220 -0.040031 1.413403 0.026609 0.998837 -0.040214 78.663956 0.041119 0.039100 0.998389 -0.452194 0.000000 0.000000 0.000000 1.000000
0.998840 -0.028028 -0.039146 1.402594 0.026431 0.998820 -0.040743 78.661278 0.040242 0.039661 0.998403 -0.460138 0.000000 0.000000 0.000000 1.000000
0.998891 -0.027954 -0.037899 1.395271 0.026388 0.998802 -0.041212 78.660110 0.039006 0.040167 0.998431 -0.465407 0.000000 0.000000 0.000000 1.000000
0.998948 -0.027908 -0.036377 1.390290 0.026392 0.998790 -0.041497 78.662659 0.037491 0.040493 0.998476 -0.465961 0.000000 0.000000 0.000000 1.000000
0.999010 -0.027975 -0.034576 1.387329 0.026522 0.998775 -0.041780 78.667168 0.035703 0.040822 0.998528 -0.459577 0.000000 0.000000 0.000000 1.000000
0.999067 -0.028216 -0.032689 1.384881 0.026827 0.998750 -0.042181 78.672005 0.033838 0.041264 0.998575 -0.448913 0.000000 0.000000 0.000000 1.000000
0.999114 -0.028580 -0.030882 1.382506 0.027253 0.998721 -0.042579 78.676376 0.032060 0.041700 0.998616 -0.434905 0.000000 0.000000 0.000000 1.000000
0.999146 -0.028997 -0.029423 1.380279 0.027722 0.998698 -0.042828 78.679527 0.030627 0.041976 0.998649 -0.416123 0.000000 0.000000 0.000000 1.000000
