<?xml version="1.0" encoding="utf-8"?>
<COLLADA xmlns="http://www.collada.org/2005/11/COLLADASchema" version="1.4.1">
  <asset><contributor><author>Mixamo</author><authoring_tool>COLLADA Mixamo exporter</authoring_tool><comments></comments></contributor><created>2018-10-31T13:04:27Z</created><modified>2018-10-31T13:04:27Z</modified><revision></revision><title></title><unit meter="0.010000"/><up_axis>Y_UP</up_axis></asset>
  <library_animations>
    <animation id="Hips-anim" name="Hips"><source id="Hips-Matrix-animation-input"><float_array id="Hips-Matrix-animation-input-array" count="27">

0.000000 0.033333 0.066667 0.100000 0.133333 0.166667 0.200000 0.233333 0.266667 0.300000 0.333333 0.366667 0.400000 0.433333 0.466667 0.500000
0.533333 0.566667 0.600000 0.633333 0.666667 0.700000 0.733333 0.766667 0.800000 0.833333 0.866667</float_array><technique_common><accessor source="#Hips-Matrix-animation-input-array" count="27"><param name="TIME" type="float"/></accessor></technique_common></source><source id="Hips-Matrix-animation-output-transform"><float_array id="Hips-Matrix-animation-output-transform-array" count="432">

0.994601 -0.066317 0.079818 0.314682 0.067744 0.997585 -0.015301 74.150032 -0.078611 0.020626 0.996692 0.245128 0.000000 0.000000 0.000000 1.000000
0.995024 -0.051992 0.084990 -0.120917 0.053344 0.998482 -0.013707 73.587784 -0.084148 0.018172 0.996288 4.870511 0.000000 0.000000 0.000000 1.000000
0.996713 -0.030563 0.075030 -0.609805 0.031413 0.999455 -0.010181 73.203789 -0.074678 0.012504 0.997129 9.224381 0.000000 0.000000 0.000000 1.000000
0.998440 -0.002096 0.055798 -1.069125 0.002385 0.999984 -0.005124 73.113876 -0.055786 0.005249 0.998429 13.281938 0.000000 0.000000 0.000000 1.000000
0.999017 0.020899 0.039100 -1.487858 -0.020836 0.999781 -0.002039 73.387123 -0.039134 0.001222 0.999233 17.269815 0.000000 0.000000 0.000000 1.000000
0.998919 0.030667 0.034921 -1.832137 -0.030525 0.999523 -0.004600 74.040985 -0.035045 0.003529 0.999380 21.382935 0.000000 0.000000 0.000000 1.000000
0.998778 0.029754 0.039472 -2.045177 -0.029292 0.999496 -0.012243 74.889648 -0.039817 0.011071 0.999146 25.637970 0.000000 0.000000 0.000000 1.000000
0.999091 0.023919 0.035273 -2.092252 -0.023131 0.999478 -0.022573 75.653328 -0.035794 0.021737 0.999123 29.951553 0.000000 0.000000 0.000000 1.000000
0.999845 0.016040 0.007306 -1.998672 -0.015768 0.999230 -0.035921 76.197227 -0.007877 0.035801 0.999328 34.236320 0.000000 0.000000 0.000000 1.000000
0.999173 0.006508 -0.040128 -1.820087 -0.008615 0.998581 -0.052546 76.536369 0.039729 0.052849 0.997812 38.434448 0.000000 0.000000 0.000000 1.000000
0.996199 0.000362 -0.087106 -1.588011 -0.006246 0.997714 -0.067287 76.564117 0.086882 0.067575 0.993924 42.548088 0.000000 0.000000 0.000000 1.000000
0.992832 0.003696 -0.119463 -1.319530 -0.012507 0.997247 -0.073092 76.115524 0.118863 0.074062 0.990145 46.664757 0.000000 0.000000 0.000000 1.000000
0.990072 0.012545 -0.140002 -1.059100 -0.022590 0.997264 -0.070388 75.291031 0.138736 0.072852 0.987646 50.923328 0.000000 0.000000 0.000000 1.000000
0.987393 0.011365 -0.157882 -0.850357 -0.022000 0.997592 -0.065779 74.582115 0.156754 0.068423 0.985265 55.244846 0.000000 0.000000 0.000000 1.000000
0.984797 -0.006549 -0.173583 -0.663287 -0.004267 0.998075 -0.061866 74.207458 0.173654 0.061667 0.982874 59.631592 0.000000 0.000000 0.000000 1.000000
0.983083 -0.037399 -0.179300 -0.440108 0.027967 0.998103 -0.054851 74.024040 0.181011 0.048909 0.982264 64.045410 0.000000 0.000000 0.000000 1.000000
0.980578 -0.086645 -0.175953 -0.207695 0.080235 0.995838 -0.043237 73.492531 0.178967 0.028280 0.983449 68.126434 0.000000 0.000000 0.000000 1.000000
0.976776 -0.125785 -0.173456 0.055913 0.121772 0.991988 -0.033633 73.190773 0.176297 0.011730 0.984267 72.040398 0.000000 0.000000 0.000000 1.000000
0.973261 -0.144739 -0.178362 0.255636 0.141039 0.989443 -0.033319 73.339340 0.181301 0.007272 0.983401 76.075752 0.000000 0.000000 0.000000 1.000000
0.972312 -0.144965 -0.183290 0.333812 0.140015 0.989352 -0.039735 73.916748 0.187098 0.012971 0.982256 80.271904 0.000000 0.000000 0.000000 1.000000
0.975787 -0.133306 -0.173407 0.300225 0.127537 0.990855 -0.044048 74.708809 0.177693 0.020865 0.983865 84.586929 0.000000 0.000000 0.000000 1.000000
0.983030 -0.116681 -0.141552 0.218323 0.111776 0.992839 -0.042151 75.406883 0.145457 0.025614 0.989033 88.891350 0.000000 0.000000 0.000000 1.000000
0.990602 -0.098668 -0.094719 0.167543 0.095548 0.994739 -0.036943 75.792450 0.097865 0.027546 0.994818 93.115105 0.000000 0.000000 0.000000 1.000000
0.995503 -0.082903 -0.045843 0.185172 0.081477 0.996157 -0.032147 75.748260 0.048332 0.028267 0.998431 97.251122 0.000000 0.000000 0.000000 1.000000
0.997334 -0.072945 -0.001726 0.245216 0.072869 0.996953 -0.027825 75.318527 0.003750 0.027625 0.999611 101.332855 0.000000 0.000000 0.000000 1.000000
0.996790 -0.069859 0.039116 0.296710 0.070767 0.997243 -0.022324 74.669510 -0.037449 0.025021 0.998985 105.434624 0.000000 0.000000 0.000000 1.000000
0.994490 -0.067992 0.079793 0.319005 0.069423 0.997470 -0.015302 74.214561 -0.078551 0.020757 0.996694 109.532013 0.000000 0.000000 0.000000 1.000000</float_array><technique_common><accessor source="#Hips-Matrix-animation-output-transform-array" count="27" stride="16"><param type="float4x4"/></accessor></technique_common></source><source id="Hips-Interpolations"><Name_array id="Hips-Interpolations-array" count="27">
 LINEAR LINEAR LINEAR LINEAR LINEAR LINEAR LINEAR LINEAR LINEAR LINEAR LINEAR
LINEAR LINEAR LINEAR LINEAR LINEAR LINEAR LINEAR LINEAR LINEAR LINEAR LINEAR LINEAR
LINEAR LINEAR LINEAR LINEAR</Name_array><technique_common><accessor source="#Hips-Interpolations-array" count="27"><param type="name"/></accessor></technique_common></source><sampler id="Hips-Matrix-animation-transform"><input semantic="INPUT" source="#Hips-Matrix-animation-input"/><input semantic="OUTPUT" source="#Hips-Matrix-animation-output-transform"/><input semantic="INTERPOLATION" source="#Hips-Interpolations"/></sampler><channel source="#Hips-Matrix-animation-transform" target="Hips/matrix"/></animation>
    <animation id="Spine-anim" name="Spine"><source id="Spine-Matrix-animation-input"><float_array id="Spine-Matrix-animation-input-array" count="27">

0.000000 0.033333 0.066667 0.100000 0.133333 0.166667 0.200000 0.233333 0.266667 0.300000 0.333333 0.366667 0.400000 0.433333 0.466667 0.500000
0.533333 0.566667 0.600000 0.633333 0.666667 0.700000 0.733333 0.766667 0.800000 0.833333 0.866667</float_array><technique_common><accessor source="#Spine-Matrix-animation-input-array" count="27"><param name="TIME" type="float"/></accessor></technique_common></source><source id="Spine-Matrix-animation-output-transform"><float_array id="Spine-Matrix-animation-output-transform-array" count="432">

0.999431 0.017566 -0.028795 0.009000 -0.018392 0.999419 -0.028705 7.062600 0.028274 0.029218 0.999173 -0.984700 0.000000 0.000000 0.000000 1.000000
0.999439 0.011713 -0.031391 0.009000 -0.012659 0.999467 -0.030096 7.062600 0.031021 0.030476 0.999054 -0.984700 0.000000 0.000000 0.000000 1.000000
0.999474 0.003356 -0.032253 0.009000 -0.004349 0.999517 -0.030774 7.062600 0.032134 0.030898 0.999006 -0.984700 0.000000 0.000000 0.000000 1.000000
0.999493 -0.005456 -0.031376 0.009000 0.004504 0.999530 -0.030317 7.062600 0.031527 0.030160 0.999048 -0.984700 0.000000 0.000000 0.000000 1.000000
0.999449 -0.013399 -0.030362 0.009000 0.012462 0.999447 -0.030841 7.062600 0.030758 0.030446 0.999063 -0.984700 0.000000 0.000000 0.000000 1.000000
0.999396 -0.018983 -0.029108 0.009000 0.018059 0.999335 -0.031690 7.062600 0.029690 0.031145 0.999074 -0.984700 0.000000 0.000000 0.000000 1.000000
0.999374 -0.022201 -0.027533 0.009000 0.021322 0.999266 -0.031812 7.062600 0.028219 0.031205 0.999115 -0.984700 0.000000 0.000000 0.000000 1.000000
0.999430 -0.023885 -0.023858 0.009000 0.023149 0.999261 -0.030676 7.062600 0.024573 0.030106 0.999245 -0.984700 0.000000 0.000000 0.000000 1.000000
0.999574 -0.024573 -0.015777 0.009000 0.024127 0.999320 -0.027884 7.062600 0.016451 0.027492 0.999487 -0.984700 0.000000 0.000000 0.000000 1.000000
0.999701 -0.024081 -0.004221 0.009000 0.023976 0.999436 -0.023510 7.062600 0.004785 0.023402 0.999715 -0.984700 0.000000 0.000000 0.000000 1.000000
0.999641 -0.025830 0.007064 0.009000 0.025957 0.999492 -0.018484 7.062600 -0.006583 0.018661 0.999804 -0.984700 0.000000 0.000000 0.000000 1.000000
0.999350 -0.032580 0.015459 0.009000 0.032797 0.999364 -0.013996 7.062600 -0.014993 0.014494 0.999783 -0.984700 0.000000 0.000000 0.000000 1.000000
0.999096 -0.037545 0.019951 0.009000 0.037777 0.999221 -0.011395 7.062600 -0.019508 0.012138 0.999736 -0.984700 0.000000 0.000000 0.000000 1.000000
0.999388 -0.028769 0.019882 0.009000 0.029002 0.999513 -0.011519 7.062600 -0.019541 0.012089 0.999736 -0.984700 0.000000 0.000000 0.000000 1.000000
0.999817 -0.010501 0.015992 0.009000 0.010714 0.999854 -0.013284 7.062600 -0.015850 0.013452 0.999784 -0.984700 0.000000 0.000000 0.000000 1.000000
0.999927 0.005737 0.010596 0.009000 -0.005578 0.999872 -0.015000 7.062600 -0.010681 0.014940 0.999831 -0.984700 0.000000 0.000000 0.000000 1.000000
0.999414 0.033140 0.008520 0.009000 -0.032992 0.999311 -0.016975 7.062600 -0.009077 0.016684 0.999820 -0.984700 0.000000 0.000000 0.000000 1.000000
0.998256 0.058045 0.010786 0.009000 -0.057829 0.998139 -0.019369 7.062600 -0.011890 0.018711 0.999754 -0.984700 0.000000 0.000000 0.000000 1.000000
0.996935 0.076891 0.014422 0.009000 -0.076575 0.996836 -0.021296 7.062600 -0.016014 0.020126 0.999669 -0.984700 0.000000 0.000000 0.000000 1.000000
0.996181 0.085838 0.015945 0.009000 -0.085479 0.996098 -0.021970 7.062600 -0.017768 0.020524 0.999631 -0.984700 0.000000 0.000000 0.000000 1.000000
0.996290 0.085000 0.013483 0.009000 -0.084694 0.996168 -0.021837 7.062600 -0.015287 0.020614 0.999671 -0.984700 0.000000 0.000000 0.000000 1.000000
0.996867 0.078802 0.006850 0.009000 -0.078639 0.996672 -0.021485 7.062600 -0.008520 0.020880 0.999746 -0.984700 0.000000 0.000000 0.000000 1.000000
0.997590 0.069344 -0.002372 0.009000 -0.069379 0.997364 -0.021231 7.062600 0.000894 0.021344 0.999772 -0.984700 0.000000 0.000000 0.000000 1.000000
0.998303 0.057020 -0.011858 0.009000 -0.057270 0.998118 -0.021934 7.062600 0.010585 0.022576 0.999689 -0.984700 0.000000 0.000000 0.000000 1.000000
0.998838 0.043660 -0.020421 0.009000 -0.044152 0.998729 -0.024307 7.062600 0.019334 0.025181 0.999496 -0.984700 0.000000 0.000000 0.000000 1.000000
0.999169 0.031724 -0.025602 0.009000 -0.032403 0.999122 -0.026557 7.062600 0.024737 0.027364 0.999319 -0.984700 0.000000 0.000000 0.000000 1.000000
0.999399 0.019249 -0.028818 0.009000 -0.020075 0.999388 -0.028658 7.062600 0.028248 0.029219 0.999174 -0.984700 0.000000 0.000000 0.000000 1.000000</float_array><technique_common><accessor source="#Spine-Matrix-animation-output-transform-array" count="27" stride="16"><param type="float4x4"/></accessor></technique_common></source><source id="Spine-Interpolations"><Name_array id="Spine-Interpolations-array" count="27">
 LINEAR LINEAR LINEAR LINEAR LINEAR LINEAR LINEAR LINEAR LINEAR LINEAR LINEAR
LINEAR LINEAR LINEAR LINEAR LINEAR LINEAR LINEAR LINEAR LINEAR LINEAR LINEAR LINEAR
LINEAR LINEAR LINEAR LINEAR</Name_array><technique_common><accessor source="#Spine-Interpolations-array" count="27"><param type="name"/></accessor></technique_common></source><sampler id="Spine-Matrix-animation-transform"><input semantic="INPUT" source="#Spine-Matrix-animation-input"/><input semantic="OUTPUT" source="#Spine-Matrix-animation-output-transform"/><input semantic="INTERPOLATION" source="#Spine-Interpolations"/></sampler><channel source="#Spine-Matrix-animation-transform" target="Spine/matrix"/></animation>
    <animation id="Spine1-anim" name="Spine1"><source id="Spine1-Matrix-animation-input"><float_array id="Spine1-Matrix-animation-input-array" count="27">

0.000000 0.033333 0.066667 0.100000 0.133333 0.166667 0.200000 0.233333 0.266667 0.300000 0.333333 0.366667 0.400000 0.433333 0.466667 0.500000
0.533333 0.566667 0.600000 0.633333 0.666667 0.700000 0.733333 0.766667 0.800000 0.833333 0.866667</float_array><technique_common><accessor source="#Spine1-Matrix-animation-input-array" count="27"><param name="TIME" type="float"/></accessor></technique_common></source><source id="Spine1-Matrix-animation-output-transform"><float_array id="Spine1-Matrix-animation-output-transform-array" count="432">

0.996790 0.021277 -0.077183 0.012400 -0.025657 0.998089 -0.056214 8.239700 0.075839 0.058014 0.995431 -1.148800 0.000000 0.000000 0.000000 1.000000
0.996187 0.012810 -0.086295 0.012400 -0.017922 0.998113 -0.058722 8.239700 0.085380 0.060045 0.994538 -1.148800 0.000000 0.000000 0.000000 1.000000
0.995895 0.005020 -0.090374 0.012400 -0.010518 0.998116 -0.060453 8.239700 0.089900 0.061155 0.994071 -1.148800 0.000000 0.000000 0.000000 1.000000
0.996472 -0.000869 -0.083924 0.012400 -0.004303 0.998103 -0.061419 8.239700 0.083818 0.061564 0.994578 -1.148800 0.000000 0.000000 0.000000 1.000000
0.997196 -0.002946 -0.074775 0.012400 -0.001807 0.997986 -0.063411 8.239700 0.074811 0.063368 0.995182 -1.148800 0.000000 0.000000 0.000000 1.000000
0.997721 -0.000286 -0.067468 0.012400 -0.004066 0.997919 -0.064355 8.239700 0.067346 0.064483 0.995644 -1.148800 0.000000 0.000000 0.000000 1.000000
0.998106 0.005509 -0.061271 0.012400 -0.009378 0.997967 -0.063047 8.239700 0.060799 0.063502 0.996128 -1.148800 0.000000 0.000000 0.000000 1.000000
0.998632 0.012550 -0.050770 0.012400 -0.015571 0.998104 -0.059550 8.239700 0.049926 0.060259 0.996933 -1.148800 0.000000 0.000000 0.000000 1.000000
0.999286 0.020383 -0.031825 0.012400 -0.022079 0.998304 -0.053862 8.239700 0.030673 0.054526 0.998041 -1.148800 0.000000 0.000000 0.000000 1.000000
0.999564 0.028522 -0.007585 0.012400 -0.028845 0.998497 -0.046610 8.239700 0.006244 0.046809 0.998884 -1.148800 0.000000 0.000000 0.000000 1.000000
0.999292 0.035096 0.013524 0.012400 -0.034532 0.998606 -0.039913 8.239700 -0.014906 0.039418 0.999112 -1.148800 0.000000 0.000000 0.000000 1.000000
0.998911 0.038373 0.026548 0.012400 -0.037417 0.998664 -0.035636 8.239700 -0.027880 0.034604 0.999012 -1.148800 0.000000 0.000000 0.000000 1.000000
0.998630 0.039471 0.034357 0.012400 -0.038309 0.998692 -0.033849 8.239700 -0.035648 0.032486 0.998836 -1.148800 0.000000 0.000000 0.000000 1.000000
0.998238 0.041991 0.041916 0.012400 -0.040604 0.998616 -0.033421 8.239700 -0.043261 0.031660 0.998562 -1.148800 0.000000 0.000000 0.000000 1.000000
0.997577 0.049536 0.048851 0.012400 -0.047919 0.998282 -0.033727 8.239700 -0.050438 0.031305 0.998236 -1.148800 0.000000 0.000000 0.000000 1.000000
0.996726 0.062976 0.050705 0.012400 -0.061229 0.997499 -0.035313 8.239700 -0.052802 0.032093 0.998089 -1.148800 0.000000 0.000000 0.000000 1.000000
0.995769 0.079369 0.046310 0.012400 -0.077600 0.996228 -0.038821 8.239700 -0.049217 0.035063 0.998172 -1.148800 0.000000 0.000000 0.000000 1.000000
0.994933 0.092188 0.040127 0.012400 -0.090474 0.994986 -0.042626 8.239700 -0.043856 0.038780 0.998285 -1.148800 0.000000 0.000000 0.000000 1.000000
0.994699 0.096212 0.036292 0.012400 -0.094580 0.994531 -0.044300 8.239700 -0.040356 0.040633 0.998359 -1.148800 0.000000 0.000000 0.000000 1.000000
0.995225 0.091773 0.033242 0.012400 -0.090289 0.994956 -0.043704 8.239700 -0.037085 0.040494 0.998491 -1.148800 0.000000 0.000000 0.000000 1.000000
0.996208 0.083072 0.025864 0.012400 -0.081920 0.995719 -0.042807 8.239700 -0.029309 0.040526 0.998749 -1.148800 0.000000 0.000000 0.000000 1.000000
0.997260 0.073090 0.011408 0.012400 -0.072544 0.996456 -0.042584 8.239700 -0.014480 0.041640 0.999028 -1.148800 0.000000 0.000000 0.000000 1.000000
0.998016 0.062426 -0.008209 0.012400 -0.062722 0.997110 -0.042873 8.239700 0.005509 0.043303 0.999047 -1.148800 0.000000 0.000000 0.000000 1.000000
0.998260 0.051214 -0.029234 0.012400 -0.052490 0.997621 -0.044689 8.239700 0.026875 0.046146 0.998573 -1.148800 0.000000 0.000000 0.000000 1.000000
0.997966 0.040015 -0.049619 0.012400 -0.042462 0.997882 -0.049287 8.239700 0.047541 0.051293 0.997551 -1.148800 0.000000 0.000000 0.000000 1.000000
0.997465 0.030390 -0.064336 0.012400 -0.033827 0.998021 -0.053014 8.239700 0.062598 0.055056 0.996519 -1.148800 0.000000 0.000000 0.000000 1.000000
0.996790 0.021277 -0.077183 0.012400 -0.025657 0.998089 -0.056214 8.239700 0.075839 0.058014 0.995431 -1.148800 0.000000 0.000000 0.000000 1.000000</float_array><technique_common><accessor source="#Spine1-Matrix-animation-output-transform-array" count="27" stride="16"><param type="float4x4"/></accessor></technique_common></source><source id="Spine1-Interpolations"><Name_array id="Spine1-Interpolations-array" count="27">
 LINEAR LINEAR LINEAR LINEAR LINEAR LINEAR LINEAR LINEAR LINEAR LINEAR LINEAR
LINEAR LINEAR LINEAR LINEAR LINEAR LINEAR LINEAR LINEAR LINEAR LINEAR LINEAR LINEAR
LINEAR LINEAR LINEAR LINEAR</Name_array><technique_common><accessor source="#Spine1-Interpolations-array" count="27"><param type="name"/></accessor></technique_common></source><sampler id="Spine1-Matrix-animation-transform"><input semantic="INPUT" source="#Spine1-Matrix-animation-input"/><input semantic="OUTPUT" source="#Spine1-Matrix-animation-output-transform"/><input semantic="INTERPOLATION" source="#Spine1-Interpolations"/></sampler><channel source="#Spine1-Matrix-animation-transform" target="Spine1/matrix"/></animation>
    <animation id="Spine2-anim" name="Spine2"><source id="Spine2-Matrix-animation-input"><float_array id="Spine2-Matrix-animation-input-array" count="27">

0.000000 0.033333 0.066667 0.100000 0.133333 0.166667 0.200000 0.233333 0.266667 0.300000 0.333333 0.366667 0.400000 0.433333 0.466667 0.500000
0.533333 0.566667 0.600000 0.633333 0.666667 0.700000 0.733333 0.766667 0.800000 0.833333 0.866667</float_array><technique_common><accessor source="#Spine2-Matrix-animation-input-array" count="27"><param name="TIME" type="float"/></accessor></technique_common></source><source id="Spine2-Matrix-animation-output-transform"><float_array id="Spine2-Matrix-animation-output-transform-array" count="432">

0.996790 0.021366 -0.077155 0.014200 -0.025749 0.998083 -0.056273 9.416800 0.075805 0.058080 0.995430 -1.313000 0.000000 0.000000 0.000000 1.000000
0.996193 0.012922 -0.086215 0.014200 -0.018038 0.998105 -0.058834 9.416800 0.085292 0.060165 0.994538 -1.313000 0.000000 0.000000 0.000000 1.000000
0.995903 0.005094 -0.090281 0.014200 -0.010596 0.998107 -0.060574 9.416800 0.089802 0.061282 0.994072 -1.313000 0.000000 0.000000 0.000000 1.000000
0.996474 -0.000949 -0.083900 0.014200 -0.004224 0.998101 -0.061453 9.416800 0.083799 0.061591 0.994577 -1.313000 0.000000 0.000000 0.000000 1.000000
0.997193 -0.003110 -0.074811 0.014200 -0.001641 0.997989 -0.063367 9.416800 0.074858 0.063312 0.995182 -1.313000 0.000000 0.000000 0.000000 1.000000
0.997717 -0.000415 -0.067525 0.014200 -0.003936 0.997923 -0.064297 9.416800 0.067411 0.064416 0.995644 -1.313000 0.000000 0.000000 0.000000 1.000000
0.998104 0.005461 -0.061304 0.014200 -0.009331 0.997968 -0.063024 9.416800 0.060835 0.063476 0.996127 -1.313000 0.000000 0.000000 0.000000 1.000000
0.998634 0.012561 -0.050727 0.014200 -0.015581 0.998102 -0.059583 9.416800 0.049883 0.060292 0.996934 -1.313000 0.000000 0.000000 0.000000 1.000000
0.999290 0.020402 -0.031679 0.014200 -0.022092 0.998300 -0.053933 9.416800 0.030525 0.054595 0.998042 -1.313000 0.000000 0.000000 0.000000 1.000000
0.999566 0.028523 -0.007371 0.014200 -0.028837 0.998495 -0.046646 9.416800 0.006029 0.046839 0.998884 -1.313000 0.000000 0.000000 0.000000 1.000000
0.999289 0.035127 0.013723 0.014200 -0.034556 0.998609 -0.039830 9.416800 -0.015103 0.039327 0.999112 -1.313000 0.000000 0.000000 0.000000 1.000000
0.998902 0.038511 0.026666 0.014200 -0.037557 0.998667 -0.035405 9.416800 -0.027994 0.034365 0.999017 -1.313000 0.000000 0.000000 0.000000 1.000000
0.998619 0.039722 0.034387 0.014200 -0.038571 0.998693 -0.033528 9.416800 -0.035674 0.032156 0.998846 -1.313000 0.000000 0.000000 0.000000 1.000000
0.998228 0.042261 0.041895 0.014200 -0.040887 0.998615 -0.033117 9.416800 -0.043236 0.031346 0.998573 -1.313000 0.000000 0.000000 0.000000 1.000000
0.997569 0.049740 0.048802 0.014200 -0.048136 0.998279 -0.033509 9.416800 -0.050385 0.031078 0.998246 -1.313000 0.000000 0.000000 0.000000 1.000000
0.996721 0.063133 0.050606 0.014200 -0.061397 0.997494 -0.035160 9.416800 -0.052699 0.031937 0.998100 -1.313000 0.000000 0.000000 0.000000 1.000000
0.995765 0.079511 0.046148 0.014200 -0.077753 0.996221 -0.038705 9.416800 -0.049051 0.034953 0.998185 -1.313000 0.000000 0.000000 0.000000 1.000000
0.994930 0.092295 0.039944 0.014200 -0.090591 0.994978 -0.042562 9.416800 -0.043672 0.038728 0.998295 -1.313000 0.000000 0.000000 0.000000 1.000000
0.994699 0.096262 0.036153 0.014200 -0.094634 0.994526 -0.044305 9.416800 -0.040220 0.040649 0.998364 -1.313000 0.000000 0.000000 0.000000 1.000000
0.995227 0.091780 0.033164 0.014200 -0.090297 0.994953 -0.043753 9.416800 -0.037012 0.040550 0.998492 -1.313000 0.000000 0.000000 0.000000 1.000000
0.996210 0.083064 0.025802 0.014200 -0.081913 0.995718 -0.042860 9.416800 -0.029252 0.040584 0.998748 -1.313000 0.000000 0.000000 0.000000 1.000000
0.997262 0.073083 0.011310 0.014200 -0.072540 0.996455 -0.042604 9.416800 -0.014384 0.041667 0.999028 -1.313000 0.000000 0.000000 0.000000 1.000000
0.998015 0.062420 -0.008347 0.014200 -0.062722 0.997111 -0.042847 9.416800 0.005648 0.043285 0.999047 -1.313000 0.000000 0.000000 0.000000 1.000000
0.998256 0.051209 -0.029374 0.014200 -0.052489 0.997624 -0.044631 9.416800 0.027018 0.046095 0.998572 -1.313000 0.000000 0.000000 0.000000 1.000000
0.997961 0.040015 -0.049724 0.014200 -0.042465 0.997884 -0.049227 9.416800 0.047649 0.051238 0.997549 -1.313000 0.000000 0.000000 0.000000 1.000000
0.997461 0.030430 -0.064379 0.014200 -0.033868 0.998020 -0.053006 9.416800 0.062638 0.055052 0.996517 -1.313000 0.000000 0.000000 0.000000 1.000000
0.996790 0.021366 -0.077155 0.014200 -0.025749 0.998083 -0.056273 9.416800 0.075805 0.058079 0.995430 -1.313000 0.000000 0.000000 0.000000 1.000000</float_array><technique_common><accessor source="#Spine2-Matrix-animation-output-transform-array" count="27" stride="16"><param type="float4x4"/></accessor></technique_common></source><source id="Spine2-Interpolations"><Name_array id="Spine2-Interpolations-array" count="27">
 LINEAR LINEAR LINEAR LINEAR LINEAR LINEAR LINEAR LINEAR LINEAR LINEAR LINEAR
LINEAR LINEAR LINEAR LINEAR LINEAR LINEAR LINEAR LINEAR LINEAR LINEAR LINEAR LINEAR
LINEAR LINEAR LINEAR LINEAR</Name_array><technique_common><accessor source="#Spine2-Interpolations-array" count="27"><param type="name"/></accessor></technique_common></source><sampler id="Spine2-Matrix-animation-transform"><input semantic="INPUT" source="#Spine2-Matrix-animation-input"/><input semantic="OUTPUT" source="#Spine2-Matrix-animation-output-transform"/><input semantic="INTERPOLATION" source="#Spine2-Interpolations"/></sampler><channel source="#Spine2-Matrix-animation-transform" target="Spine2/matrix"/></animation>
    <animation id="Neck-anim" name="Neck"><source id="Neck-Matrix-animation-input"><float_array id="Neck-Matrix-animation-input-array" count="27">

0.000000 0.033333 0.066667 0.100000 0.133333 0.166667 0.200000 0.233333 0.266667 0.300000 0.333333 0.366667 0.400000 0.433333 0.466667 0.500000
0.533333 0.566667 0.600000 0.633333 0.666667 0.700000 0.733333 0.766667 0.800000 0.833333 0.866667</float_array><technique_common><accessor source="#Neck-Matrix-animation-input-array" count="27"><param name="TIME" type="float"/></accessor></technique_common></source><source id="Neck-Matrix-animation-output-transform"><float_array id="Neck-Matrix-animation-output-transform-array" count="432">

0.999952 0.003254 0.009255 0.016000 -0.003123 0.999895 -0.014167 10.593800 -0.009300 0.014137 0.999857 -1.477100 0.000000 0.000000 0.000000 1.000000
0.999918 0.006404 0.011112 0.016000 -0.006280 0.999918 -0.011184 10.593800 -0.011183 0.011113 0.999876 -1.477100 0.000000 0.000000 0.000000 1.000000
0.999884 0.008148 0.012851 0.016000 -0.008042 0.999934 -0.008246 10.593800 -0.012918 0.008142 0.999883 -1.477100 0.000000 0.000000 0.000000 1.000000
0.999885 0.006172 0.013853 0.016000 -0.006093 0.999965 -0.005704 10.593800 -0.013888 0.005619 0.999888 -1.477100 0.000000 0.000000 0.000000 1.000000
0.999913 0.002317 0.012951 0.016000 -0.002258 0.999987 -0.004576 10.593800 -0.012961 0.004546 0.999906 -1.477100 0.000000 0.000000 0.000000 1.000000
0.999945 0.000376 0.010493 0.016000 -0.000325 0.999988 -0.004895 10.593800 -0.010494 0.004892 0.999933 -1.477100 0.000000 0.000000 0.000000 1.000000
0.999969 0.001977 0.007681 0.016000 -0.001931 0.999980 -0.005974 10.593800 -0.007693 0.005959 0.999953 -1.477100 0.000000 0.000000 0.000000 1.000000
0.999971 0.005327 0.005366 0.016000 -0.005289 0.999961 -0.007125 10.593800 -0.005404 0.007097 0.999960 -1.477100 0.000000 0.000000 0.000000 1.000000
0.999964 0.007615 0.003631 0.016000 -0.007587 0.999941 -0.007794 10.593800 -0.003690 0.007767 0.999963 -1.477100 0.000000 0.000000 0.000000 1.000000
0.999967 0.007795 0.002344 0.016000 -0.007777 0.999940 -0.007707 10.593800 -0.002404 0.007688 0.999968 -1.477100 0.000000 0.000000 0.000000 1.000000
0.999980 0.006238 0.001371 0.016000 -0.006228 0.999953 -0.007451 10.593800 -0.001418 0.007442 0.999971 -1.477100 0.000000 0.000000 0.000000 1.000000
0.999995 0.003035 0.000370 0.016000 -0.003032 0.999961 -0.008246 10.593800 -0.000395 0.008245 0.999966 -1.477100 0.000000 0.000000 0.000000 1.000000
0.999998 -0.001942 -0.000953 0.016000 0.001932 0.999944 -0.010444 10.593800 0.000973 0.010442 0.999945 -1.477100 0.000000 0.000000 0.000000 1.000000
0.999966 -0.007920 -0.002356 0.016000 0.007889 0.999887 -0.012798 10.593800 0.002457 0.012779 0.999915 -1.477100 0.000000 0.000000 0.000000 1.000000
0.999908 -0.013139 -0.003311 0.016000 0.013091 0.999817 -0.013984 10.593800 0.003494 0.013940 0.999897 -1.477100 0.000000 0.000000 0.000000 1.000000
0.999868 -0.015870 -0.003611 0.016000 0.015816 0.999771 -0.014415 10.593800 0.003839 0.014356 0.999890 -1.477100 0.000000 0.000000 0.000000 1.000000
0.999876 -0.015415 -0.003296 0.016000 0.015361 0.999760 -0.015630 10.593800 0.003536 0.015578 0.999872 -1.477100 0.000000 0.000000 0.000000 1.000000
0.999919 -0.012541 -0.002250 0.016000 0.012498 0.999759 -0.018040 10.593800 0.002476 0.018011 0.999835 -1.477100 0.000000 0.000000 0.000000 1.000000
0.999957 -0.009215 -0.000455 0.016000 0.009204 0.999749 -0.020444 10.593800 0.000643 0.020439 0.999791 -1.477100 0.000000 0.000000 0.000000 1.000000
0.999971 -0.007448 0.001544 0.016000 0.007480 0.999731 -0.021949 10.593800 -0.001380 0.021960 0.999758 -1.477100 0.000000 0.000000 0.000000 1.000000
0.999965 -0.007764 0.002954 0.016000 0.007830 0.999704 -0.023054 10.593800 -0.002774 0.023076 0.999730 -1.477100 0.000000 0.000000 0.000000 1.000000
0.999955 -0.008852 0.003513 0.016000 0.008935 0.999667 -0.024209 10.593800 -0.003297 0.024240 0.999701 -1.477100 0.000000 0.000000 0.000000 1.000000
0.999953 -0.008927 0.003713 0.016000 0.009015 0.999657 -0.024582 10.593800 -0.003492 0.024615 0.999691 -1.477100 0.000000 0.000000 0.000000 1.000000
0.999965 -0.007241 0.004303 0.016000 0.007339 0.999704 -0.023180 10.593800 -0.004134 0.023211 0.999722 -1.477100 0.000000 0.000000 0.000000 1.000000
0.999975 -0.004283 0.005601 0.016000 0.004395 0.999785 -0.020267 10.593800 -0.005513 0.020291 0.999779 -1.477100 0.000000 0.000000 0.000000 1.000000
0.999973 -0.000592 0.007378 0.016000 0.000719 0.999852 -0.017198 10.593800 -0.007367 0.017203 0.999825 -1.477100 0.000000 0.000000 0.000000 1.000000
0.999952 0.003254 0.009255 0.016000 -0.003123 0.999895 -0.014167 10.593800 -0.009300 0.014137 0.999857 -1.477100 0.000000 0.000000 0.000000 1.000000</float_array><technique_common><accessor source="#Neck-Matrix-animation-output-transform-array" count="27" stride="16"><param type="float4x4"/></accessor></technique_common></source><source id="Neck-Interpolations"><Name_array id="Neck-Interpolations-array" count="27">
 LINEAR LINEAR LINEAR LINEAR LINEAR LINEAR LINEAR LINEAR LINEAR LINEAR LINEAR
LINEAR LINEAR LINEAR LINEAR LINEAR LINEAR LINEAR LINEAR LINEAR LINEAR LINEAR LINEAR
LINEAR LINEAR LINEAR LINEAR</Name_array><technique_common><accessor source="#Neck-Interpolations-array" count="27"><param type="name"/></accessor></technique_common></source><sampler id="Neck-Matrix-animation-transform"><input semantic="INPUT" source="#Neck-Matrix-animation-input"/><input semantic="OUTPUT" source="#Neck-Matrix-animation-output-transform"/><input semantic="INTERPOLATION" source="#Neck-Interpolations"/></sampler><channel source="#Neck-Matrix-animation-transform" target="Neck/matrix"/></animation>
    <animation id="Head-anim" name="Head"><source id="Head-Matrix-animation-input"><float_array id="Head-Matrix-animation-input-array" count="27">

0.000000 0.033333 0.066667 0.100000 0.133333 0.166667 0.200000 0.233333 0.266667 0.300000 0.333333 0.366667 0.400000 0.433333 0.466667 0.500000
0.533333 0.566667 0.600000 0.633333 0.666667 0.700000 0.733333 0.766667 0.800000 0.833333 0.866667</float_array><technique_common><accessor source="#Head-Matrix-animation-input-array" count="27"><param name="TIME" type="float"/></accessor></technique_common></source><source id="Head-Matrix-animation-output-transform"><float_array id="Head-Matrix-animation-output-transform-array" count="432">

0.999113 -0.005550 0.041738 0.000000 -0.001962 0.984058 0.177836 5.056400 -0.042060 -0.177760 0.983175 0.719600 0.000000 0.000000 0.000000 1.000000
0.998654 0.006282 0.051479 -0.000000 -0.015620 0.982977 0.183065 5.056400 -0.049452 -0.183623 0.981752 0.719600 0.000000 0.000000 0.000000 1.000000
0.997986 0.015713 0.061462 0.000000 -0.027060 0.981715 0.188422 5.056400 -0.057377 -0.189705 0.980163 0.719600 0.000000 0.000000 0.000000 1.000000
0.997415 0.017885 0.069588 0.000000 -0.031252 0.980097 0.196045 5.056400 -0.064697 -0.197713 0.978123 0.719600 0.000000 0.000000 0.000000 1.000000
0.997737 0.009382 0.066578 0.000000 -0.022665 0.979193 0.201662 5.056400 -0.063300 -0.202715 0.977190 0.719600 0.000000 0.000000 0.000000 1.000000
0.998680 -0.006489 0.050950 -0.000000 -0.003656 0.980492 0.196523 5.056400 -0.051231 -0.196450 0.979175 0.719600 0.000000 0.000000 0.000000 1.000000
0.999326 -0.021392 0.029846 -0.000000 0.015620 0.983227 0.181716 5.056400 -0.033233 -0.181127 0.982898 0.719600 0.000000 0.000000 0.000000 1.000000
0.999505 -0.029240 0.011645 -0.000000 0.026931 0.986038 0.164331 5.056400 -0.016287 -0.163936 0.986337 0.719600 0.000000 0.000000 0.000000 1.000000
0.999551 -0.029962 -0.000003 -0.000000 0.029619 0.988122 0.150788 5.056400 -0.004515 -0.150720 0.988566 0.719600 0.000000 0.000000 0.000000 1.000000
0.999605 -0.027473 -0.005888 0.000000 0.028039 0.988879 0.146058 5.056400 0.001810 -0.146165 0.989259 0.719600 0.000000 0.000000 0.000000 1.000000
0.999626 -0.025993 -0.008541 0.000000 0.026992 0.987941 0.152463 5.056400 0.004475 -0.152636 0.988272 0.719600 0.000000 0.000000 0.000000 1.000000
0.999575 -0.027212 -0.010420 0.000000 0.028559 0.985910 0.164822 5.056400 0.005788 -0.165050 0.986268 0.719600 0.000000 0.000000 0.000000 1.000000
0.999469 -0.030111 -0.012489 -0.000000 0.031812 0.984594 0.171936 5.056400 0.007120 -0.172242 0.985029 0.719600 0.000000 0.000000 0.000000 1.000000
0.999320 -0.034119 -0.013987 0.000000 0.035982 0.985210 0.167528 5.056400 0.008065 -0.167918 0.985768 0.719600 0.000000 0.000000 0.000000 1.000000
0.999040 -0.041222 -0.014818 0.000000 0.043043 0.986598 0.157390 5.056400 0.008131 -0.157877 0.987425 0.719600 0.000000 0.000000 0.000000 1.000000
0.998476 -0.052596 -0.016704 0.000000 0.054530 0.986840 0.152229 5.056400 0.008478 -0.152908 0.988204 0.719600 0.000000 0.000000 0.000000 1.000000
0.997756 -0.064024 -0.019619 0.000000 0.066297 0.985685 0.155015 5.056400 0.009413 -0.155968 0.987717 0.719600 0.000000 0.000000 0.000000 1.000000
0.997471 -0.068356 -0.019463 0.000000 0.070589 0.984705 0.159292 5.056400 0.008276 -0.160263 0.987040 0.719600 0.000000 0.000000 0.000000 1.000000
0.997888 -0.063690 -0.012782 0.000000 0.064911 0.985260 0.158273 5.056400 0.002513 -0.158768 0.987313 0.719600 0.000000 0.000000 0.000000 1.000000
0.998429 -0.055992 -0.001941 0.000000 0.055642 0.986951 0.151099 5.056400 -0.006544 -0.150970 0.988517 0.719600 0.000000 0.000000 0.000000 1.000000
0.998614 -0.052139 0.007144 -0.000000 0.050606 0.988642 0.141511 5.056400 -0.014441 -0.140953 0.989911 0.719600 0.000000 0.000000 0.000000 1.000000
0.998544 -0.052759 0.011208 0.000000 0.050778 0.989622 0.134426 5.056400 -0.018184 -0.133661 0.990860 0.719600 0.000000 0.000000 0.000000 1.000000
0.998536 -0.052665 0.012323 0.000000 0.050538 0.989641 0.134378 5.056400 -0.019272 -0.133558 0.990854 0.719600 0.000000 0.000000 0.000000 1.000000
0.998808 -0.046341 0.015326 0.000000 0.043661 0.988628 0.143902 5.056400 -0.021820 -0.143061 0.989473 0.719600 0.000000 0.000000 0.000000 1.000000
0.999200 -0.032806 0.022873 0.000000 0.028696 0.986487 0.161308 5.056400 -0.027855 -0.160523 0.986639 0.719600 0.000000 0.000000 0.000000 1.000000
0.999302 -0.018953 0.032201 0.000000 0.013172 0.985166 0.171099 5.056400 -0.034966 -0.170556 0.984727 0.719600 0.000000 0.000000 0.000000 1.000000
0.999113 -0.005550 0.041738 0.000000 -0.001962 0.984058 0.177836 5.056400 -0.042060 -0.177760 0.983175 0.719600 0.000000 0.000000 0.000000 1.000000</float_array><technique_common><accessor source="#Head-Matrix-animation-output-transform-array" count="27" stride="16"><param type="float4x4"/></accessor></technique_common></source><source id="Head-Interpolations"><Name_array id="Head-Interpolations-array" count="27">
 LINEAR LINEAR LINEAR LINEAR LINEAR LINEAR LINEAR LINEAR LINEAR LINEAR LINEAR
LINEAR LINEAR LINEAR LINEAR LINEAR LINEAR LINEAR LINEAR LINEAR LINEAR LINEAR LINEAR
LINEAR LINEAR LINEAR LINEAR</Name_array><technique_common><accessor source="#Head-Interpolations-array" count="27"><param type="name"/></accessor></technique_common></source><sampler id="Head-Matrix-animation-transform"><input semantic="INPUT" source="#Head-Matrix-animation-input"/><input semantic="OUTPUT" source="#Head-Matrix-animation-output-transform"/><input semantic="INTERPOLATION" source="#Head-Interpolations"/></sampler><channel source="#Head-Matrix-animation-transform" target="Head/matrix"/></animation>
    <animation id="LeftShoulder-anim" name="LeftShoulder"><source id="LeftShoulder-Matrix-animation-input"><float_array id="LeftShoulder-Matrix-animation-input-array" count="27">

0.000000 0.033333 0.066667 0.100000 0.133333 0.166667 0.200000 0.233333 0.266667 0.300000 0.333333 0.366667 0.400000 0.433333 0.466667 0.500000
0.533333 0.566667 0.600000 0.633333 0.666667 0.700000 0.733333 0.766667 0.800000 0.833333 0.866667</float_array><technique_common><accessor source="#LeftShoulder-Matrix-animation-input-array" count="27"><param name="TIME" type="float"/></accessor></technique_common></source><source id="LeftShoulder-Matrix-animation-output-transform"><float_array id="LeftShoulder-Matrix-animation-output-transform-array" count="432">

0.974135 0.200444 -0.104321 3.528500 -0.202931 0.979097 -0.013689 8.730400 0.099397 0.034504 0.994449 -1.456100 0.000000 0.000000 0.000000 1.000000
0.973840 0.202549 -0.103001 3.528500 -0.205008 0.978663 -0.013771 8.730400 0.098014 0.034527 0.994586 -1.456100 0.000000 0.000000 0.000000 1.000000
0.973690 0.204047 -0.101451 3.528500 -0.206465 0.978356 -0.013827 8.730400 0.096434 0.034410 0.994744 -1.456100 0.000000 0.000000 0.000000 1.000000
0.973797 0.204240 -0.100026 3.528500 -0.206610 0.978326 -0.013823 8.730400 0.095035 0.034128 0.994889 -1.456100 0.000000 0.000000 0.000000 1.000000
0.973699 0.204581 -0.100284 3.528500 -0.206962 0.978251 -0.013839 8.730400 0.095271 0.034230 0.994863 -1.456100 0.000000 0.000000 0.000000 1.000000
0.973432 0.205559 -0.100873 3.528500 -0.207969 0.978037 -0.013882 8.730400 0.095804 0.034491 0.994802 -1.456100 0.000000 0.000000 0.000000 1.000000
0.973627 0.205526 -0.099047 3.528500 -0.207872 0.978058 -0.013866 8.730400 0.094024 0.034089 0.994986 -1.456100 0.000000 0.000000 0.000000 1.000000
0.974663 0.202993 -0.093943 3.528500 -0.205143 0.978636 -0.013716 8.730400 0.089152 0.032640 0.995483 -1.456100 0.000000 0.000000 0.000000 1.000000
0.975877 0.199519 -0.088635 3.528500 -0.201466 0.979403 -0.013496 8.730400 0.084116 0.031027 0.995973 -1.456100 0.000000 0.000000 0.000000 1.000000
0.976213 0.198305 -0.087651 3.528500 -0.200211 0.979661 -0.013426 8.730400 0.083206 0.030655 0.996061 -1.456100 0.000000 0.000000 0.000000 1.000000
0.975494 0.199717 -0.092328 3.528500 -0.201786 0.979336 -0.013551 8.730400 0.087713 0.031849 0.995636 -1.456100 0.000000 0.000000 0.000000 1.000000
0.974597 0.200657 -0.099489 3.528500 -0.202976 0.979089 -0.013655 8.730400 0.094668 0.033502 0.994945 -1.456100 0.000000 0.000000 0.000000 1.000000
0.974486 0.198690 -0.104400 3.528500 -0.201163 0.979463 -0.013611 8.730400 0.099551 0.034265 0.994442 -1.456100 0.000000 0.000000 0.000000 1.000000
0.975311 0.194531 -0.104525 3.528500 -0.196970 0.980317 -0.013446 8.730400 0.099852 0.033702 0.994431 -1.456100 0.000000 0.000000 0.000000 1.000000
0.976457 0.190430 -0.101327 3.528500 -0.192721 0.981164 -0.013232 8.730400 0.096899 0.032448 0.994765 -1.456100 0.000000 0.000000 0.000000 1.000000
0.977168 0.188082 -0.098833 3.528500 -0.190268 0.981645 -0.013089 8.730400 0.094557 0.031594 0.995018 -1.456100 0.000000 0.000000 0.000000 1.000000
0.977052 0.188258 -0.099641 3.528500 -0.190472 0.981605 -0.013109 8.730400 0.095341 0.031787 0.994937 -1.456100 0.000000 0.000000 0.000000 1.000000
0.976309 0.190654 -0.102331 3.528500 -0.192981 0.981113 -0.013251 8.730400 0.097872 0.032685 0.994662 -1.456100 0.000000 0.000000 0.000000 1.000000
0.975663 0.193310 -0.103506 3.528500 -0.195701 0.980572 -0.013376 8.730400 0.098910 0.033306 0.994539 -1.456100 0.000000 0.000000 0.000000 1.000000
0.975737 0.193709 -0.102046 3.528500 -0.196054 0.980502 -0.013379 8.730400 0.097464 0.033061 0.994690 -1.456100 0.000000 0.000000 0.000000 1.000000
0.976325 0.191669 -0.100260 3.528500 -0.193934 0.980925 -0.013269 8.730400 0.095804 0.032399 0.994873 -1.456100 0.000000 0.000000 0.000000 1.000000
0.976640 0.189817 -0.100718 3.528500 -0.192081 0.981290 -0.013190 8.730400 0.096330 0.032228 0.994828 -1.456100 0.000000 0.000000 0.000000 1.000000
0.976283 0.190343 -0.103157 3.528500 -0.192695 0.981169 -0.013245 8.730400 0.098694 0.032809 0.994577 -1.456100 0.000000 0.000000 0.000000 1.000000
0.975571 0.192770 -0.105357 3.528500 -0.195221 0.980668 -0.013374 8.730400 0.100742 0.033615 0.994345 -1.456100 0.000000 0.000000 0.000000 1.000000
0.974958 0.195477 -0.106045 3.528500 -0.197978 0.980114 -0.013496 8.730400 0.101298 0.034152 0.994270 -1.456100 0.000000 0.000000 0.000000 1.000000
0.974528 0.197983 -0.105349 3.528500 -0.200484 0.979603 -0.013593 8.730400 0.100509 0.034367 0.994342 -1.456100 0.000000 0.000000 0.000000 1.000000
0.974135 0.200444 -0.104321 3.528500 -0.202931 0.979097 -0.013689 8.730400 0.099397 0.034504 0.994449 -1.456100 0.000000 0.000000 0.000000 1.000000</float_array><technique_common><accessor source="#LeftShoulder-Matrix-animation-output-transform-array" count="27" stride="16"><param type="float4x4"/></accessor></technique_common></source><source id="LeftShoulder-Interpolations"><Name_array id="LeftShoulder-Interpolations-array" count="27">
 LINEAR LINEAR LINEAR LINEAR LINEAR LINEAR LINEAR LINEAR LINEAR LINEAR LINEAR
LINEAR LINEAR LINEAR LINEAR LINEAR LINEAR LINEAR LINEAR LINEAR LINEAR LINEAR LINEAR
