<?xml version="1.0" encoding="utf-8"?>
<COLLADA xmlns="http://www.collada.org/2005/11/COLLADASchema" version="1.4.1">
  <asset><contributor><author>Mixamo</author><authoring_tool>COLLADA Mixamo exporter</authoring_tool><comments></comments></contributor><created>2018-10-08T13:46:52Z</created><modified>2018-10-08T13:46:52Z</modified><revision></revision><title></title><unit meter="0.010000"/><up_axis>Y_UP</up_axis></asset>
  <library_animations>
    <animation id="mixamorig_Hips-anim" name="mixamorig_Hips"><source id="mixamorig_Hips-Matrix-animation-input"><float_array id="mixamorig_Hips-Matrix-animation-input-array" count="281">

0.000000 0.033333 0.066667 0.100000 0.133333 0.166667 0.200000 0.233333 0.266667 0.300000 0.333333 0.366667 0.400000 0.433333 0.466667 0.500000
0.533333 0.566667 0.600000 0.633333 0.666667 0.700000 0.733333 0.766667 0.800000 0.833333 0.866667 0.900000 0.933333 0.966667 1.000000 1.033333
1.066667 1.100000 1.133333 1.166667 1.200000 1.233333 1.266667 1.300000 1.333333 1.366667 1.400000 1.433333 1.466667 1.500000 1.533333 1.566667
1.600000 1.633333 1.666667 1.700000 1.733333 1.766667 1.800000 1.833333 1.866667 1.900000 1.933333 1.966667 2.000000 2.033333 2.066667 2.100000
2.133333 2.166667 2.200000 2.233333 2.266667 2.300000 2.333333 2.366667 2.400000 2.433333 2.466667 2.500000 2.533333 2.566667 2.600000 2.633333
2.666667 2.700000 2.733333 2.766667 2.800000 2.833333 2.866667 2.900000 2.933333 2.966667 3.000000 3.033333 3.066667 3.100000 3.133333 3.166667
3.200000 3.233333 3.266667 3.300000 3.333333 3.366667 3.400000 3.433333 3.466667 3.500000 3.533333 3.566667 3.600000 3.633333 3.666667 3.700000
3.733333 3.766667 3.800000 3.833333 3.866667 3.900000 3.933333 3.966667 4.000000 4.033333 4.066667 4.100000 4.133333 4.166667 4.200000 4.233333
4.266667 4.300000 4.333333 4.366667 4.400000 4.433333 4.466667 4.500000 4.533333 4.566667 4.600000 4.633333 4.666667 4.700000 4.733333 4.766667
4.800000 4.833333 4.866667 4.900000 4.933333 4.966667 5.000000 5.033333 5.066667 5.100000 5.133333 5.166667 5.200000 5.233333 5.266667 5.300000
5.333333 5.366667 5.400000 5.433333 5.466667 5.500000 5.533333 5.566667 5.600000 5.633333 5.666667 5.700000 5.733333 5.766667 5.800000 5.833333
5.866667 5.900000 5.933333 5.966667 6.000000 6.033333 6.066667 6.100000 6.133333 6.166667 6.200000 6.233333 6.266667 6.300000 6.333333 6.366667
6.400000 6.433333 6.466667 6.500000 6.533333 6.566667 6.600000 6.633333 6.666667 6.700000 6.733333 6.766667 6.800000 6.833333 6.866667 6.900000
6.933333 6.966667 7.000000 7.033333 7.066667 7.100000 7.133333 7.166667 7.200000 7.233333 7.266667 7.300000 7.333333 7.366667 7.400000 7.433333
7.466667 7.500000 7.533333 7.566667 7.600000 7.633333 7.666667 7.700000 7.733333 7.766667 7.800000 7.833333 7.866667 7.900000 7.933333 7.966667
8.000000 8.033333 8.066667 8.100000 8.133333 8.166667 8.200000 8.233333 8.266667 8.300000 8.333333 8.366667 8.400000 8.433333 8.466667 8.500000
8.533333 8.566667 8.600000 8.633333 8.666667 8.700000 8.733333 8.766667 8.800000 8.833333 8.866667 8.900000 8.933333 8.966667 9.000000 9.033333
9.066667 9.100000 9.133333 9.166667 9.200000 9.233333 9.266667 9.300000 9.333333</float_array><technique_common><accessor source="#mixamorig_Hips-Matrix-animation-input-array" count="281"><param name="TIME" type="float"/></accessor></technique_common></source><source id="mixamorig_Hips-Matrix-animation-output-transform"><float_array id="mixamorig_Hips-Matrix-animation-output-transform-array" count="4496">

0.992671 0.011867 -0.120263 0.119786 -0.023062 0.995480 -0.092133 189.312469 0.118626 0.094231 0.988458 0.704465 0.000000 0.000000 0.000000 1.000000
0.992270 0.012901 -0.123429 0.121278 -0.024184 0.995616 -0.090358 189.308105 0.121722 0.092644 0.988231 0.224308 0.000000 0.000000 0.000000 1.000000
0.991830 0.014195 -0.126772 0.102399 -0.025234 0.995984 -0.085898 189.294739 0.125043 0.088395 0.988206 -0.316157 0.000000 0.000000 0.000000 1.000000
0.991376 0.015701 -0.130107 0.064477 -0.026215 0.996490 -0.079498 189.272125 0.128402 0.082223 0.988308 -0.904562 0.000000 0.000000 0.000000 1.000000
0.990941 0.017363 -0.133168 0.008789 -0.027130 0.997044 -0.071883 189.240051 0.131526 0.074844 0.988483 -1.528706 0.000000 0.000000 0.000000 1.000000
0.990624 0.019136 -0.135268 -0.063294 -0.027983 0.997570 -0.063806 189.198486 0.133718 0.066993 0.988752 -2.176215 0.000000 0.000000 0.000000 1.000000
0.990596 0.020971 -0.135202 -0.150394 -0.028778 0.998014 -0.056043 189.147751 0.133758 0.059407 0.989232 -2.834656 0.000000 0.000000 0.000000 1.000000
0.991136 0.022829 -0.130878 -0.251021 -0.029519 0.998342 -0.049406 189.088760 0.129533 0.052832 0.990167 -3.491522 0.000000 0.000000 0.000000 1.000000
0.991894 0.024439 -0.124700 -0.366921 -0.030209 0.998548 -0.044597 189.022064 0.123429 0.048002 0.991192 -4.134545 0.000000 0.000000 0.000000 1.000000
0.992655 0.025553 -0.118252 -0.498755 -0.030890 0.998575 -0.043515 188.943542 0.116972 0.046848 0.992030 -4.734316 0.000000 0.000000 0.000000 1.000000
0.993350 0.026445 -0.112057 -0.641659 -0.031524 0.998543 -0.043802 188.860535 0.110736 0.047043 0.992736 -5.321121 0.000000 0.000000 0.000000 1.000000
0.993903 0.027122 -0.106871 -0.793869 -0.032098 0.998466 -0.045123 188.776123 0.105483 0.048278 0.993249 -5.896954 0.000000 0.000000 0.000000 1.000000
0.994261 0.027609 -0.103358 -0.952927 -0.032628 0.998353 -0.047183 188.690369 0.101885 0.050284 0.993525 -6.463189 0.000000 0.000000 0.000000 1.000000
0.994439 0.027886 -0.101556 -1.116852 -0.033129 0.998184 -0.050316 188.602539 0.099968 0.053400 0.993557 -7.012763 0.000000 0.000000 0.000000 1.000000
0.994554 0.028141 -0.100347 -1.280722 -0.033630 0.998005 -0.053433 188.512466 0.098643 0.056516 0.993517 -7.558448 0.000000 0.000000 0.000000 1.000000
0.994666 0.028368 -0.099168 -1.442608 -0.034133 0.997794 -0.056934 188.421082 0.097334 0.060016 0.993441 -8.092471 0.000000 0.000000 0.000000 1.000000
0.994777 0.028444 -0.098025 -1.602500 -0.034625 0.997480 -0.061934 188.329941 0.096016 0.065004 0.993255 -8.597535 0.000000 0.000000 0.000000 1.000000
0.994882 0.028547 -0.096932 -1.756086 -0.035108 0.997158 -0.066665 188.242065 0.094753 0.069727 0.993056 -9.095599 0.000000 0.000000 0.000000 1.000000
0.994979 0.028628 -0.095898 -1.900009 -0.035578 0.996801 -0.071564 188.158783 0.093543 0.074617 0.992815 -9.578475 0.000000 0.000000 0.000000 1.000000
0.995070 0.028683 -0.094937 -2.031619 -0.036052 0.996392 -0.076836 188.079453 0.092391 0.079880 0.992514 -10.040828 0.000000 0.000000 0.000000 1.000000
0.995153 0.028691 -0.094060 -2.151842 -0.036537 0.995897 -0.082791 188.017395 0.091299 0.085826 0.992118 -10.476254 0.000000 0.000000 0.000000 1.000000
0.995226 0.028698 -0.093282 -2.260705 -0.037057 0.995328 -0.089153 188.020508 0.090288 0.092184 0.991640 -10.886478 0.000000 0.000000 0.000000 1.000000
0.995287 0.028761 -0.092615 -2.358081 -0.037599 0.994753 -0.095144 188.054489 0.089392 0.098178 0.991146 -11.279549 0.000000 0.000000 0.000000 1.000000
0.995336 0.028826 -0.092065 -2.445414 -0.038155 0.994130 -0.101238 188.110229 0.088607 0.104279 0.990593 -11.646983 0.000000 0.000000 0.000000 1.000000
0.995371 0.028927 -0.091648 -2.522701 -0.038737 0.993489 -0.107137 188.186310 0.087952 0.110191 0.990011 -11.990501 0.000000 0.000000 0.000000 1.000000
0.995391 0.029092 -0.091377 -2.590118 -0.039349 0.992868 -0.112540 188.281708 0.087451 0.115617 0.989437 -12.311590 0.000000 0.000000 0.000000 1.000000
0.995350 0.029167 -0.091805 -2.650351 -0.039930 0.992249 -0.117676 188.394379 0.087661 0.120794 0.988799 -12.604820 0.000000 0.000000 0.000000 1.000000
0.995300 0.029202 -0.092328 -2.703397 -0.040411 0.991711 -0.121969 188.524750 0.088001 0.125127 0.988230 -12.875956 0.000000 0.000000 0.000000 1.000000
0.995186 0.029520 -0.093452 -2.721889 -0.041108 0.991354 -0.124613 188.671677 0.088965 0.127855 0.987795 -13.132844 0.000000 0.000000 0.000000 1.000000
0.994953 0.029999 -0.095756 -2.708703 -0.042065 0.991063 -0.126592 188.831299 0.091103 0.129981 0.987322 -13.359428 0.000000 0.000000 0.000000 1.000000
0.994627 0.030630 -0.098889 -2.686985 -0.043153 0.990952 -0.127092 189.002701 0.094102 0.130677 0.986949 -13.564485 0.000000 0.000000 0.000000 1.000000
0.994238 0.031341 -0.102510 -2.658092 -0.044329 0.990914 -0.126984 189.183395 0.097599 0.130796 0.986594 -13.734116 0.000000 0.000000 0.000000 1.000000
0.993837 0.031939 -0.106146 -2.623835 -0.045352 0.990935 -0.126455 189.372360 0.101145 0.130490 0.986277 -13.864049 0.000000 0.000000 0.000000 1.000000
0.993442 0.032573 -0.109602 -2.587823 -0.046269 0.991098 -0.124835 189.568817 0.104560 0.129087 0.986105 -13.960822 0.000000 0.000000 0.000000 1.000000
0.992981 0.033280 -0.113495 -2.554496 -0.047186 0.991392 -0.122127 189.770508 0.108453 0.126625 0.986004 -14.016818 0.000000 0.000000 0.000000 1.000000
0.992492 0.033855 -0.117529 -2.525589 -0.047917 0.991741 -0.118967 189.977417 0.112531 0.123705 0.985918 -13.950473 0.000000 0.000000 0.000000 1.000000
0.992019 0.034510 -0.121273 -2.496237 -0.048643 0.992106 -0.115584 190.183228 0.116327 0.120561 0.985867 -13.691979 0.000000 0.000000 0.000000 1.000000
0.991502 0.035375 -0.125190 -2.463967 -0.049577 0.992447 -0.112210 190.388931 0.120275 0.117463 0.985767 -13.270100 0.000000 0.000000 0.000000 1.000000
0.990939 0.036670 -0.129208 -2.424428 -0.050903 0.992777 -0.108637 190.593170 0.124291 0.114230 0.985649 -12.719764 0.000000 0.000000 0.000000 1.000000
0.990385 0.037887 -0.133049 -2.383248 -0.052081 0.993120 -0.104880 190.794907 0.128160 0.110801 0.985545 -12.077127 0.000000 0.000000 0.000000 1.000000
0.989819 0.038801 -0.136940 -2.342248 -0.052871 0.993515 -0.100657 190.993622 0.132147 0.106872 0.985452 -11.379999 0.000000 0.000000 0.000000 1.000000
0.989244 0.039467 -0.140849 -2.299222 -0.053352 0.993931 -0.096205 191.186813 0.136197 0.102685 0.985346 -10.658670 0.000000 0.000000 0.000000 1.000000
0.988628 0.039927 -0.144988 -2.252373 -0.053606 0.994342 -0.091703 191.372925 0.140506 0.098432 0.985175 -9.943103 0.000000 0.000000 0.000000 1.000000
0.988008 0.040142 -0.149094 -2.200925 -0.053538 0.994773 -0.086951 191.550781 0.144824 0.093891 0.984993 -9.267050 0.000000 0.000000 0.000000 1.000000
0.987632 0.039958 -0.151614 -2.145776 -0.052869 0.995221 -0.082102 191.719650 0.147609 0.089102 0.985024 -8.614981 0.000000 0.000000 0.000000 1.000000
0.987411 0.039368 -0.153201 -2.086592 -0.051665 0.995681 -0.077131 191.883026 0.149503 0.084075 0.985180 -7.683945 0.000000 0.000000 0.000000 1.000000
0.987317 0.039041 -0.153886 -2.013744 -0.050613 0.996119 -0.072011 192.044205 0.150477 0.078887 0.985461 -6.826597 0.000000 0.000000 0.000000 1.000000
0.987467 0.038713 -0.153007 -1.928700 -0.049407 0.996548 -0.066719 192.197769 0.149896 0.073442 0.985970 -5.898582 0.000000 0.000000 0.000000 1.000000
0.987924 0.038503 -0.150079 -1.827811 -0.048157 0.996961 -0.061228 192.339081 0.147266 0.067716 0.986776 -4.984934 0.000000 0.000000 0.000000 1.000000
0.988553 0.037941 -0.146026 -1.715597 -0.046458 0.997385 -0.055362 192.462906 0.143544 0.061512 0.987730 -4.151504 0.000000 0.000000 0.000000 1.000000
0.989161 0.037079 -0.142077 -1.589041 -0.044604 0.997745 -0.050152 192.560486 0.139897 0.055946 0.988584 -3.398458 0.000000 0.000000 0.000000 1.000000
0.989697 0.036275 -0.138503 -1.284634 -0.042914 0.998054 -0.045250 192.623413 0.136592 0.050728 0.989328 -2.727463 0.000000 0.000000 0.000000 1.000000
0.990285 0.035595 -0.134418 -0.924049 -0.041350 0.998333 -0.040263 192.633316 0.132761 0.045430 0.990106 -2.059088 0.000000 0.000000 0.000000 1.000000
0.990907 0.035163 -0.129875 -0.512721 -0.040127 0.998553 -0.035803 192.594345 0.128428 0.040689 0.990884 -1.405204 0.000000 0.000000 0.000000 1.000000
0.991488 0.035015 -0.125405 -0.058826 -0.039312 0.998716 -0.031952 192.524033 0.124125 0.036610 0.991591 -0.902483 0.000000 0.000000 0.000000 1.000000
0.992024 0.034940 -0.121113 0.427580 -0.038691 0.998837 -0.028759 192.429077 0.119967 0.033215 0.992222 -0.417370 0.000000 0.000000 0.000000 1.000000
0.992469 0.034815 -0.117442 0.937969 -0.038201 0.998913 -0.026704 192.313629 0.116385 0.030990 0.992721 0.057685 0.000000 0.000000 0.000000 1.000000
0.992868 0.034624 -0.114081 1.465376 -0.037775 0.998959 -0.025577 192.167603 0.113077 0.029704 0.993142 0.504050 0.000000 0.000000 0.000000 1.000000
0.993258 0.034376 -0.110710 2.003194 -0.037352 0.998991 -0.024921 191.981613 0.109741 0.028888 0.993540 0.900163 0.000000 0.000000 0.000000 1.000000
0.993615 0.034077 -0.107559 2.544615 -0.036928 0.999015 -0.024624 191.771622 0.106614 0.028438 0.993894 1.233318 0.000000 0.000000 0.000000 1.000000
0.993937 0.033814 -0.104620 3.084008 -0.036558 0.999033 -0.024428 191.553879 0.103692 0.028105 0.994212 1.515723 0.000000 0.000000 0.000000 1.000000
0.994259 0.033606 -0.101586 3.614851 -0.036247 0.999048 -0.024267 191.344284 0.100674 0.027809 0.994531 1.755886 0.000000 0.000000 0.000000 1.000000
0.994581 0.033637 -0.098378 4.132863 -0.036202 0.999047 -0.024402 191.158615 0.097463 0.027831 0.994850 1.964314 0.000000 0.000000 0.000000 1.000000
0.994894 0.034001 -0.095021 4.632674 -0.036543 0.999016 -0.025131 190.989151 0.094073 0.028475 0.995158 2.151885 0.000000 0.000000 0.000000 1.000000
0.995182 0.034577 -0.091740 5.105959 -0.037132 0.998965 -0.026285 190.815689 0.090737 0.029565 0.995436 2.322945 0.000000 0.000000 0.000000 1.000000
0.995472 0.035256 -0.088274 5.544545 -0.037813 0.998907 -0.027467 190.639359 0.087210 0.030680 0.995717 2.478539 0.000000 0.000000 0.000000 1.000000
0.995737 0.036200 -0.084834 5.943902 -0.038789 0.998824 -0.029073 190.460754 0.083681 0.032240 0.995971 2.631036 0.000000 0.000000 0.000000 1.000000
0.995948 0.037351 -0.081812 6.296525 -0.040012 0.998714 -0.031140 190.280518 0.080544 0.034287 0.996161 2.691714 0.000000 0.000000 0.000000 1.000000
0.996102 0.038669 -0.079279 6.595186 -0.041436 0.998577 -0.033559 190.099564 0.077869 0.036713 0.996287 2.639067 0.000000 0.000000 0.000000 1.000000
0.996240 0.040062 -0.076821 6.831909 -0.042976 0.998403 -0.036669 189.918289 0.075230 0.039832 0.996370 2.418384 0.000000 0.000000 0.000000 1.000000
0.996391 0.041330 -0.074138 7.006861 -0.044418 0.998191 -0.040508 189.737549 0.072330 0.043655 0.996425 2.072651 0.000000 0.000000 0.000000 1.000000
0.996556 0.042314 -0.071319 7.170390 -0.045584 0.997952 -0.044875 189.558533 0.069274 0.047971 0.996444 1.676436 0.000000 0.000000 0.000000 1.000000
0.996746 0.042838 -0.068282 7.327370 -0.046309 0.997671 -0.050086 189.381912 0.065977 0.053085 0.996408 1.242376 0.000000 0.000000 0.000000 1.000000
0.996977 0.042971 -0.064731 7.476571 -0.046573 0.997388 -0.055209 189.209335 0.062190 0.058057 0.996374 0.766165 0.000000 0.000000 0.000000 1.000000
0.997197 0.042821 -0.061362 7.617315 -0.046562 0.997058 -0.060888 189.040985 0.058575 0.063574 0.996257 0.265556 0.000000 0.000000 0.000000 1.000000
0.997446 0.042451 -0.057448 7.748286 -0.046276 0.996680 -0.066983 188.877777 0.054414 0.069470 0.996099 -0.253205 0.000000 0.000000 0.000000 1.000000
0.997646 0.041959 -0.054248 7.868671 -0.045849 0.996309 -0.072574 188.721130 0.051003 0.074890 0.995887 -0.793341 0.000000 0.000000 0.000000 1.000000
0.997782 0.041295 -0.052206 7.975622 -0.045296 0.995930 -0.077927 188.572250 0.048776 0.080119 0.995591 -1.342608 0.000000 0.000000 0.000000 1.000000
0.997897 0.040405 -0.050692 8.066230 -0.044523 0.995561 -0.082918 188.432251 0.047116 0.085000 0.995266 -1.894636 0.000000 0.000000 0.000000 1.000000
0.997990 0.039498 -0.049551 8.141211 -0.043723 0.995222 -0.087306 188.302307 0.045865 0.089297 0.994948 -2.444191 0.000000 0.000000 0.000000 1.000000
0.998061 0.038267 -0.049091 8.194234 -0.042644 0.994895 -0.091457 188.183105 0.045340 0.093374 0.994598 -2.977893 0.000000 0.000000 0.000000 1.000000
0.998098 0.036997 -0.049310 8.227035 -0.041550 0.994631 -0.094776 188.076294 0.045539 0.096645 0.994277 -3.495274 0.000000 0.000000 0.000000 1.000000
0.998171 0.033121 -0.050564 8.202534 -0.037929 0.994533 -0.097292 187.984406 0.047065 0.099032 0.993971 -3.986800 0.000000 0.000000 0.000000 1.000000
0.998337 0.024812 -0.052040 8.093785 -0.029916 0.994566 -0.099715 187.908569 0.049283 0.101106 0.993654 -4.441261 0.000000 0.000000 0.000000 1.000000
0.998437 0.015453 -0.053716 7.944651 -0.020883 0.994561 -0.102042 187.846405 0.051847 0.103004 0.993329 -4.845723 0.000000 0.000000 0.000000 1.000000
0.998400 0.010406 -0.055579 7.825831 -0.016169 0.994418 -0.104269 187.796387 0.054183 0.105001 0.992995 -5.189078 0.000000 0.000000 0.000000 1.000000
0.998313 0.007344 -0.057587 7.703541 -0.013451 0.994233 -0.106396 187.761490 0.056474 0.106991 0.992655 -5.462690 0.000000 0.000000 0.000000 1.000000
0.998198 0.005966 -0.059710 7.552570 -0.012426 0.994027 -0.108421 187.822723 0.058706 0.108968 0.992310 -5.657648 0.000000 0.000000 0.000000 1.000000
0.998069 0.005144 -0.061906 7.253984 -0.011966 0.993821 -0.110344 187.932632 0.060956 0.110871 0.991964 -5.732266 0.000000 0.000000 0.000000 1.000000
0.997929 0.004856 -0.064138 6.816053 -0.012044 0.993617 -0.112163 188.079575 0.063184 0.112703 0.991618 -5.551068 0.000000 0.000000 0.000000 1.000000
0.997783 0.004760 -0.066374 6.262831 -0.012314 0.993419 -0.113876 188.279404 0.065395 0.114441 0.991275 -5.199343 0.000000 0.000000 0.000000 1.000000
0.997618 0.005005 -0.068806 5.624988 -0.012947 0.993225 -0.115483 188.539612 0.067762 0.116099 0.990924 -4.776494 0.000000 0.000000 0.000000 1.000000
0.997471 0.005678 -0.070843 4.932562 -0.013961 0.993036 -0.116982 188.812531 0.069686 0.117675 0.990604 -4.322009 0.000000 0.000000 0.000000 1.000000
0.997340 0.006373 -0.072609 4.209021 -0.014963 0.992857 -0.118371 189.089554 0.071336 0.119142 0.990311 -3.835426 0.000000 0.000000 0.000000 1.000000
0.997232 0.007030 -0.074026 3.482587 -0.015880 0.992689 -0.119648 189.370895 0.072643 0.120493 0.990053 -3.319079 0.000000 0.000000 0.000000 1.000000
0.997147 0.007971 -0.075066 2.786519 -0.017029 0.992529 -0.120813 189.638092 0.073543 0.121747 0.989833 -2.780725 0.000000 0.000000 0.000000 1.000000
0.997085 0.009296 -0.075726 2.151013 -0.018507 0.992374 -0.121864 189.877258 0.074016 0.122910 0.989654 -2.222003 0.000000 0.000000 0.000000 1.000000
0.997040 0.010771 -0.076127 1.601563 -0.020065 0.992279 -0.122394 190.118713 0.074221 0.123559 0.989558 -1.647680 0.000000 0.000000 0.000000 1.000000
0.997011 0.012585 -0.076232 1.169499 -0.021875 0.992253 -0.122291 190.357086 0.074102 0.123593 0.989562 -1.060168 0.000000 0.000000 0.000000 1.000000
0.996990 0.014253 -0.076211 0.858176 -0.023518 0.992240 -0.122093 190.587402 0.073880 0.123518 0.989588 -0.457642 0.000000 0.000000 0.000000 1.000000
0.996996 0.015690 -0.075843 0.572706 -0.024859 0.992279 -0.121512 190.793381 0.073351 0.123033 0.989688 0.154179 0.000000 0.000000 0.000000 1.000000
0.997050 0.016739 -0.074902 0.295881 -0.025690 0.992418 -0.120193 190.983566 0.072322 0.121762 0.989921 0.763943 0.000000 0.000000 0.000000 1.000000
0.997118 0.017619 -0.073790 0.033390 -0.026311 0.992601 -0.118539 191.145203 0.071155 0.120139 0.990204 1.378850 0.000000 0.000000 0.000000 1.000000
0.997195 0.018394 -0.072555 -0.211470 -0.026801 0.992809 -0.116667 191.306030 0.069887 0.118284 0.990517 1.997256 0.000000 0.000000 0.000000 1.000000
0.997280 0.019060 -0.071203 -0.436074 -0.027160 0.993042 -0.114586 191.436661 0.068524 0.116208 0.990858 2.619237 0.000000 0.000000 0.000000 1.000000
0.997373 0.019596 -0.069740 -0.638440 -0.027368 0.993297 -0.112307 191.579666 0.067072 0.113920 0.991223 3.240792 0.000000 0.000000 0.000000 1.000000
0.997473 0.020012 -0.068169 -0.816120 -0.027440 0.993570 -0.109840 191.697968 0.065533 0.111433 0.991609 3.856578 0.000000 0.000000 0.000000 1.000000
0.997581 0.020292 -0.066490 -0.967048 -0.027361 0.993861 -0.107203 191.837433 0.063906 0.108763 0.992011 4.462963 0.000000 0.000000 0.000000 1.000000
0.997696 0.020470 -0.064681 -1.087092 -0.027168 0.994160 -0.104445 191.968506 0.062165 0.105962 0.992425 5.061935 0.000000 0.000000 0.000000 1.000000
0.997814 0.020597 -0.062786 -1.171707 -0.026921 0.994459 -0.101618 192.066742 0.060345 0.103086 0.992840 5.648952 0.000000 0.000000 0.000000 1.000000
0.997932 0.020700 -0.060860 -1.216759 -0.026659 0.994752 -0.098776 192.161102 0.058496 0.100195 0.993247 6.223577 0.000000 0.000000 0.000000 1.000000
0.998045 0.020812 -0.058934 -1.217922 -0.026416 0.995033 -0.095974 192.247589 0.056644 0.097343 0.993638 6.786778 0.000000 0.000000 0.000000 1.000000
0.998156 0.020977 -0.056966 -1.170087 -0.026240 0.995296 -0.093264 192.300201 0.054741 0.094587 0.994010 7.336242 0.000000 0.000000 0.000000 1.000000
0.998262 0.021266 -0.054962 -1.067877 -0.026202 0.995533 -0.090702 192.286743 0.052788 0.091984 0.994360 7.870368 0.000000 0.000000 0.000000 1.000000
0.998367 0.021648 -0.052860 -0.910483 -0.026269 0.995744 -0.088342 192.257812 0.050722 0.089586 0.994687 8.382914 0.000000 0.000000 0.000000 1.000000
0.998466 0.022035 -0.050800 -0.698188 -0.026364 0.995930 -0.086186 192.207642 0.048694 0.087393 0.994983 8.853047 0.000000 0.000000 0.000000 1.000000
0.998553 0.022493 -0.048844 -0.427157 -0.026558 0.996092 -0.084240 192.107666 0.046759 0.085415 0.995248 9.282560 0.000000 0.000000 0.000000 1.000000
0.998623 0.023059 -0.047118 -0.086591 -0.026899 0.996223 -0.082565 191.927811 0.045036 0.083719 0.995471 9.441801 0.000000 0.000000 0.000000 1.000000
0.998674 0.023637 -0.045730 0.362874 -0.027301 0.996322 -0.081223 191.629593 0.043642 0.082363 0.995646 9.478861 0.000000 0.000000 0.000000 1.000000
0.998709 0.024212 -0.044649 0.917181 -0.027745 0.996387 -0.080275 191.226807 0.042544 0.081410 0.995772 9.366291 0.000000 0.000000 0.000000 1.000000
0.998730 0.024782 -0.043866 1.564386 -0.028229 0.996412 -0.079784 190.784149 0.041731 0.080921 0.995847 9.125708 0.000000 0.000000 0.000000 1.000000
0.998733 0.025383 -0.043451 2.293187 -0.028795 0.996395 -0.079801 190.361572 0.041269 0.080951 0.995863 8.811670 0.000000 0.000000 0.000000 1.000000
0.998719 0.026051 -0.043367 3.092668 -0.029480 0.996328 -0.080385 189.974823 0.041114 0.081560 0.995820 8.445245 0.000000 0.000000 0.000000 1.000000
0.998691 0.026794 -0.043568 3.951649 -0.030283 0.996214 -0.081486 189.622665 0.041219 0.082698 0.995722 8.073830 0.000000 0.000000 0.000000 1.000000
0.998654 0.027604 -0.043917 4.858780 -0.031184 0.996058 -0.083037 189.303665 0.041451 0.084295 0.995578 7.663975 0.000000 0.000000 0.000000 1.000000
0.998611 0.028447 -0.044338 5.802349 -0.032141 0.995865 -0.084972 189.016449 0.041738 0.086279 0.995396 7.305018 0.000000 0.000000 0.000000 1.000000
0.998566 0.029305 -0.044807 6.770868 -0.033133 0.995638 -0.087222 188.759216 0.042056 0.088582 0.995181 6.925964 0.000000 0.000000 0.000000 1.000000
0.998516 0.030184 -0.045324 7.753184 -0.034162 0.995381 -0.089721 188.530930 0.042407 0.091137 0.994935 6.513429 0.000000 0.000000 0.000000 1.000000
0.998470 0.030973 -0.045799 8.736553 -0.035108 0.995100 -0.092436 188.330185 0.042711 0.093902 0.994665 6.018292 0.000000 0.000000 0.000000 1.000000
0.998435 0.031631 -0.046122 9.709241 -0.035920 0.994797 -0.095335 188.155701 0.042866 0.096842 0.994376 5.538581 0.000000 0.000000 0.000000 1.000000
0.998414 0.032105 -0.046251 10.659304 -0.036534 0.994481 -0.098352 188.006561 0.042838 0.099886 0.994076 5.049276 0.000000 0.000000 0.000000 1.000000
0.998404 0.032485 -0.046192 11.576790 -0.037039 0.994154 -0.101424 187.881210 0.042627 0.102973 0.993770 4.532755 0.000000 0.000000 0.000000 1.000000
0.998403 0.032851 -0.045949 12.451638 -0.037509 0.993819 -0.104486 187.777954 0.042232 0.106042 0.993464 4.050762 0.000000 0.000000 0.000000 1.000000
0.998411 0.033141 -0.045577 13.271759 -0.037884 0.993485 -0.107480 187.695343 0.041718 0.109036 0.993162 3.584292 0.000000 0.000000 0.000000 1.000000
0.998419 0.033363 -0.045247 14.026059 -0.038189 0.993155 -0.110382 187.631805 0.041255 0.111936 0.992859 3.028388 0.000000 0.000000 0.000000 1.000000
0.998420 0.033622 -0.045023 14.704815 -0.038535 0.992833 -0.113130 187.586288 0.040897 0.114686 0.992560 2.492428 0.000000 0.000000 0.000000 1.000000
0.998421 0.033837 -0.044846 15.295737 -0.038832 0.992530 -0.115653 187.557358 0.040598 0.117212 0.992277 2.049426 0.000000 0.000000 0.000000 1.000000
0.998416 0.034018 -0.044806 15.787725 -0.039099 0.992258 -0.117880 187.543732 0.040449 0.119445 0.992016 1.622804 0.000000 0.000000 0.000000 1.000000
0.998407 0.034217 -0.044860 16.170246 -0.039378 0.992025 -0.119732 187.569321 0.040405 0.121308 0.991792 1.197807 0.000000 0.000000 0.000000 1.000000
0.998387 0.034470 -0.045121 16.432610 -0.039718 0.991841 -0.121136 187.659744 0.040577 0.122733 0.991610 0.835115 0.000000 0.000000 0.000000 1.000000
0.998353 0.034753 -0.045650 16.577847 -0.040101 0.991718 -0.122015 187.807968 0.041031 0.123644 0.991478 0.548286 0.000000 0.000000 0.000000 1.000000
0.998297 0.035100 -0.046596 16.687286 -0.040577 0.991657 -0.122353 188.007782 0.041913 0.124035 0.991392 0.351352 0.000000 0.000000 0.000000 1.000000
0.998212 0.035563 -0.048034 16.776714 -0.041207 0.991656 -0.122147 188.247971 0.043290 0.123908 0.991349 0.275754 0.000000 0.000000 0.000000 1.000000
0.998085 0.036177 -0.050175 16.847681 -0.042050 0.991710 -0.121423 188.525131 0.045367 0.123300 0.991332 0.262831 0.000000 0.000000 0.000000 1.000000
0.997895 0.036949 -0.053292 16.901276 -0.043140 0.991818 -0.120153 188.830917 0.048416 0.122199 0.991324 0.268678 0.000000 0.000000 0.000000 1.000000
0.997670 0.037767 -0.056826 16.937056 -0.044302 0.991963 -0.118523 189.157776 0.051894 0.120764 0.991324 0.343516 0.000000 0.000000 0.000000 1.000000
0.997410 0.038612 -0.060689 16.955788 -0.045504 0.992133 -0.116624 189.498383 0.055709 0.119083 0.991320 0.423156 0.000000 0.000000 0.000000 1.000000
0.997118 0.039462 -0.064794 16.958193 -0.046712 0.992326 -0.114488 189.845383 0.059779 0.117185 0.991309 0.548057 0.000000 0.000000 0.000000 1.000000
0.996804 0.040278 -0.068991 16.944769 -0.047864 0.992544 -0.112095 190.191345 0.063962 0.115039 0.991300 0.773966 0.000000 0.000000 0.000000 1.000000
0.996466 0.041063 -0.073275 16.916601 -0.048963 0.992780 -0.109498 190.528931 0.068249 0.112698 0.991283 1.076547 0.000000 0.000000 0.000000 1.000000
0.996120 0.041732 -0.077481 16.873541 -0.049912 0.993023 -0.106834 190.850693 0.072482 0.110286 0.991253 1.388033 0.000000 0.000000 0.000000 1.000000
0.995784 0.042265 -0.081412 16.816364 -0.050669 0.993276 -0.104096 191.153580 0.076465 0.107783 0.991230 1.719813 0.000000 0.000000 0.000000 1.000000
0.995469 0.042652 -0.084983 16.745968 -0.051215 0.993540 -0.101266 191.440292 0.080115 0.105159 0.991223 2.136770 0.000000 0.000000 0.000000 1.000000
0.995180 0.042886 -0.088185 16.663294 -0.051550 0.993807 -0.098438 191.708740 0.083418 0.102509 0.991228 2.480525 0.000000 0.000000 0.000000 1.000000
0.994920 0.042974 -0.091031 16.569489 -0.051691 0.994069 -0.095676 191.956650 0.086379 0.099896 0.991241 2.747156 0.000000 0.000000 0.000000 1.000000
0.994738 0.042605 -0.093173 16.461275 -0.051211 0.994440 -0.092013 192.183655 0.088735 0.096300 0.991389 2.970735 0.000000 0.000000 0.000000 1.000000
0.994598 0.042242 -0.094816 16.346092 -0.050648 0.994825 -0.088082 192.386353 0.090605 0.092408 0.991590 3.161633 0.000000 0.000000 0.000000 1.000000
0.994463 0.041904 -0.096375 16.225216 -0.050013 0.995266 -0.083332 192.563019 0.092427 0.087691 0.991851 3.313547 0.000000 0.000000 0.000000 1.000000
0.994436 0.041768 -0.096711 16.102148 -0.049438 0.995702 -0.078314 192.711029 0.093024 0.082659 0.992227 3.434315 0.000000 0.000000 0.000000 1.000000
0.994478 0.041926 -0.096207 15.979164 -0.049016 0.996159 -0.072558 192.828491 0.092795 0.076873 0.992713 3.518831 0.000000 0.000000 0.000000 1.000000
0.994565 0.042228 -0.095166 15.855250 -0.048635 0.996630 -0.066049 192.913162 0.092057 0.070319 0.993268 3.562772 0.000000 0.000000 0.000000 1.000000
0.994672 0.042622 -0.093870 15.730756 -0.048318 0.997072 -0.059263 192.962631 0.091069 0.063483 0.993819 3.546810 0.000000 0.000000 0.000000 1.000000
0.994786 0.043120 -0.092419 15.606874 -0.048099 0.997470 -0.052341 192.974426 0.089928 0.056513 0.994344 3.479507 0.000000 0.000000 0.000000 1.000000
0.994923 0.043681 -0.090667 15.484102 -0.047976 0.997800 -0.045745 192.946335 0.088470 0.049862 0.994830 3.379346 0.000000 0.000000 0.000000 1.000000
0.995072 0.044222 -0.088742 15.362375 -0.047902 0.998060 -0.039773 192.876251 0.086811 0.043827 0.995260 3.204300 0.000000 0.000000 0.000000 1.000000
0.995205 0.044618 -0.087037 15.240938 -0.047793 0.998253 -0.034740 192.762238 0.085335 0.038733 0.995599 2.939166 0.000000 0.000000 0.000000 1.000000
0.995299 0.044758 -0.085892 15.119390 -0.047561 0.998391 -0.030872 192.571548 0.084372 0.034812 0.995826 2.686256 0.000000 0.000000 0.000000 1.000000
0.995358 0.044668 -0.085250 14.999118 -0.047251 0.998475 -0.028533 192.284668 0.083846 0.032429 0.995951 2.359103 0.000000 0.000000 0.000000 1.000000
0.995401 0.044315 -0.084925 14.880752 -0.046822 0.998517 -0.027768 191.920242 0.083568 0.031617 0.996000 1.997802 0.000000 0.000000 0.000000 1.000000
0.995427 0.043778 -0.084902 14.706474 -0.046356 0.998514 -0.028638 191.496948 0.083522 0.032442 0.995978 1.601756 0.000000 0.000000 0.000000 1.000000
0.995445 0.043162 -0.085002 14.489375 -0.045939 0.998464 -0.030984 191.033096 0.083534 0.034748 0.995899 1.132347 0.000000 0.000000 0.000000 1.000000
0.995420 0.042502 -0.085633 14.178714 -0.045602 0.998361 -0.034572 190.546982 0.084023 0.038318 0.995727 0.592062 0.000000 0.000000 0.000000 1.000000
0.995323 0.041844 -0.087068 13.782713 -0.045387 0.998203 -0.039125 190.056915 0.085274 0.042894 0.995434 0.022730 0.000000 0.000000 0.000000 1.000000
0.995183 0.041149 -0.088978 13.318692 -0.045233 0.997990 -0.044385 189.581024 0.086972 0.048196 0.995044 -0.517417 0.000000 0.000000 0.000000 1.000000
0.995033 0.040381 -0.090987 12.800075 -0.045069 0.997728 -0.050080 189.137451 0.088758 0.053932 0.994592 -1.005927 0.000000 0.000000 0.000000 1.000000
0.994901 0.039500 -0.092803 12.252438 -0.044821 0.997426 -0.055972 188.744202 0.090353 0.059846 0.994110 -1.420365 0.000000 0.000000 0.000000 1.000000
0.994806 0.038522 -0.094219 11.680142 -0.044488 0.997080 -0.062070 188.411407 0.091553 0.065939 0.993615 -1.815645 0.000000 0.000000 0.000000 1.000000
0.994754 0.037378 -0.095228 11.086498 -0.043977 0.996704 -0.068166 188.104309 0.092366 0.071996 0.993119 -2.234015 0.000000 0.000000 0.000000 1.000000
0.994729 0.036057 -0.095988 10.475583 -0.043254 0.996321 -0.073983 187.817520 0.092967 0.077745 0.992629 -2.657261 0.000000 0.000000 0.000000 1.000000
0.994722 0.034587 -0.096599 9.851979 -0.042342 0.995942 -0.079420 187.552658 0.093460 0.083091 0.992150 -3.177252 0.000000 0.000000 0.000000 1.000000
0.994747 0.032976 -0.096911 9.219975 -0.041205 0.995599 -0.084175 187.311356 0.093709 0.087726 0.991727 -3.659014 0.000000 0.000000 0.000000 1.000000
0.994790 0.031214 -0.097048 8.583639 -0.039821 0.995319 -0.088056 187.095474 0.093845 0.091462 0.991377 -4.189625 0.000000 0.000000 0.000000 1.000000
0.994878 0.029292 -0.096750 7.947041 -0.038127 0.995141 -0.090774 186.906540 0.093621 0.093998 0.991161 -4.601632 0.000000 0.000000 0.000000 1.000000
0.995055 0.026967 -0.095594 7.311094 -0.035898 0.995022 -0.092969 186.749802 0.092611 0.095941 0.991069 -4.859340 0.000000 0.000000 0.000000 1.000000
0.995289 0.024195 -0.093888 6.679249 -0.033124 0.994951 -0.094741 186.648422 0.091121 0.097404 0.991065 -5.059986 0.000000 0.000000 0.000000 1.000000
0.995547 0.021061 -0.091884 6.057566 -0.029930 0.994908 -0.096239 186.586685 0.089390 0.098561 0.991108 -5.198703 0.000000 0.000000 0.000000 1.000000
0.995814 0.017712 -0.089674 5.452921 -0.026473 0.994886 -0.097474 186.544586 0.087489 0.099440 0.991190 -5.270460 0.000000 0.000000 0.000000 1.000000
0.996067 0.014288 -0.087440 4.871198 -0.022914 0.994878 -0.098453 186.596130 0.085586 0.100070 0.991293 -5.279192 0.000000 0.000000 0.000000 1.000000
0.996296 0.010850 -0.085306 4.317237 -0.019328 0.994881 -0.099188 186.715454 0.083793 0.100470 0.991405 -5.227206 0.000000 0.000000 0.000000 1.000000
0.996504 0.007428 -0.083212 3.795467 -0.015740 0.994894 -0.099689 186.869019 0.082047 0.100651 0.991533 -5.113522 0.000000 0.000000 0.000000 1.000000
0.996707 0.003950 -0.080995 3.308913 -0.012067 0.994917 -0.099971 187.053467 0.080189 0.100619 0.991688 -4.927892 0.000000 0.000000 0.000000 1.000000
0.996886 0.000436 -0.078851 2.861688 -0.008348 0.994948 -0.100041 187.266891 0.078409 0.100387 0.991854 -4.678906 0.000000 0.000000 0.000000 1.000000
0.997045 -0.003024 -0.076757 2.458896 -0.004675 0.994984 -0.099928 187.507843 0.076674 0.099992 0.992030 -4.382041 0.000000 0.000000 0.000000 1.000000
0.997137 -0.006232 -0.075357 2.107026 -0.001308 0.995028 -0.099590 187.774033 0.075603 0.099404 0.992171 -4.045690 0.000000 0.000000 0.000000 1.000000
0.997129 -0.008910 -0.075200 1.813426 0.001423 0.995083 -0.099038 188.097137 0.075713 0.098647 0.992238 -3.675517 0.000000 0.000000 0.000000 1.000000
0.997085 -0.011066 -0.075486 1.592046 0.003602 0.995149 -0.098310 188.462891 0.076208 0.097752 0.992289 -3.280643 0.000000 0.000000 0.000000 1.000000
0.997023 -0.012819 -0.076030 1.447864 0.005374 0.995238 -0.097330 188.865906 0.076916 0.096632 0.992344 -2.870793 0.000000 0.000000 0.000000 1.000000
0.996947 -0.014097 -0.076803 1.374610 0.006678 0.995358 -0.096012 189.300797 0.077800 0.095206 0.992413 -2.455922 0.000000 0.000000 0.000000 1.000000
0.996859 -0.014956 -0.077766 1.365087 0.007585 0.995522 -0.094230 189.759125 0.078828 0.093344 0.992509 -2.046342 0.000000 0.000000 0.000000 1.000000
0.996751 -0.015427 -0.079054 1.412677 0.008114 0.995725 -0.092006 190.231598 0.080135 0.091066 0.992615 -1.646396 0.000000 0.000000 0.000000 1.000000
0.996611 -0.015539 -0.080779 1.511048 0.008282 0.995960 -0.089416 190.708542 0.081842 0.088444 0.992713 -1.225691 0.000000 0.000000 0.000000 1.000000
0.996458 -0.015296 -0.082693 1.654227 0.008111 0.996216 -0.086536 191.181900 0.083703 0.085559 0.992811 -0.726313 0.000000 0.000000 0.000000 1.000000
0.996306 -0.014679 -0.084612 1.836716 0.007598 0.996487 -0.083404 191.642700 0.085539 0.082453 0.992917 -0.263321 0.000000 0.000000 0.000000 1.000000
0.996158 -0.013674 -0.086501 2.053180 0.006728 0.996765 -0.080091 192.080475 0.087316 0.079202 0.993027 0.296809 0.000000 0.000000 0.000000 1.000000
0.996012 -0.012337 -0.088366 2.297317 0.005544 0.997038 -0.076713 192.485016 0.089051 0.075917 0.993130 0.836937 0.000000 0.000000 0.000000 1.000000
0.995875 -0.010629 -0.090112 2.564152 0.004008 0.997299 -0.073339 192.845505 0.090648 0.072675 0.993228 1.383691 0.000000 0.000000 0.000000 1.000000
0.995769 -0.008678 -0.091487 2.843606 0.002246 0.997532 -0.070174 193.159561 0.091870 0.069672 0.993331 1.913349 0.000000 0.000000 0.000000 1.000000
0.995728 -0.006661 -0.092100 3.124156 0.000457 0.997738 -0.067219 193.427200 0.092339 0.066890 0.993478 2.345554 0.000000 0.000000 0.000000 1.000000
0.995706 -0.004657 -0.092452 3.433854 -0.001328 0.997913 -0.064565 193.640747 0.092559 0.064410 0.993622 2.814780 0.000000 0.000000 0.000000 1.000000
0.995708 -0.002391 -0.092516 3.804386 -0.003407 0.998042 -0.062455 193.792862 0.092485 0.062502 0.993751 3.339910 0.000000 0.000000 0.000000 1.000000
0.995732 0.000179 -0.092291 4.227392 -0.005842 0.998115 -0.061087 193.876938 0.092106 0.061366 0.993856 3.729426 0.000000 0.000000 0.000000 1.000000
0.995752 0.002519 -0.092037 4.686581 -0.008091 0.998152 -0.060224 193.885498 0.091715 0.060713 0.993933 4.040363 0.000000 0.000000 0.000000 1.000000
0.995772 0.004393 -0.091753 5.169822 -0.009893 0.998175 -0.059577 193.814423 0.091324 0.060233 0.993998 4.341910 0.000000 0.000000 0.000000 1.000000
0.995796 0.005437 -0.091439 5.663017 -0.010868 0.998199 -0.058996 193.670929 0.090953 0.059742 0.994062 4.626153 0.000000 0.000000 0.000000 1.000000
0.995827 0.005517 -0.091092 6.155329 -0.010915 0.998206 -0.058864 193.463409 0.090604 0.059613 0.994101 4.889590 0.000000 0.000000 0.000000 1.000000
0.995867 0.004457 -0.090714 6.635329 -0.009850 0.998204 -0.059085 193.200348 0.090288 0.059734 0.994123 5.124556 0.000000 0.000000 0.000000 1.000000
0.995910 0.002749 -0.090306 7.100964 -0.008145 0.998199 -0.059442 192.890350 0.089980 0.059935 0.994139 5.323499 0.000000 0.000000 0.000000 1.000000
0.995954 0.000484 -0.089868 7.544578 -0.005883 0.998192 -0.059819 192.542023 0.089676 0.060106 0.994156 5.481493 0.000000 0.000000 0.000000 1.000000
0.995994 -0.001867 -0.089401 7.963801 -0.003536 0.998177 -0.060244 192.163681 0.089350 0.060319 0.994172 5.587861 0.000000 0.000000 0.000000 1.000000
0.996032 -0.003975 -0.088906 8.354411 -0.001439 0.998152 -0.060747 191.763535 0.088983 0.060634 0.994186 5.632068 0.000000 0.000000 0.000000 1.000000
0.996091 -0.005817 -0.088142 8.707870 0.000399 0.998116 -0.061355 191.349823 0.088333 0.061080 0.994217 5.616380 0.000000 0.000000 0.000000 1.000000
0.996210 -0.007035 -0.086697 9.020370 0.001644 0.998069 -0.062097 190.930603 0.086967 0.061719 0.994298 5.538145 0.000000 0.000000 0.000000 1.000000
0.996405 -0.007878 -0.084351 9.279645 0.002558 0.998010 -0.063002 190.513855 0.084680 0.062559 0.994442 5.408041 0.000000 0.000000 0.000000 1.000000
0.996785 -0.008356 -0.079691 9.476868 0.003242 0.997938 -0.064098 190.107727 0.080062 0.063634 0.994757 5.240327 0.000000 0.000000 0.000000 1.000000
0.997329 -0.008495 -0.072551 9.634424 0.003734 0.997845 -0.065503 189.719742 0.072951 0.065057 0.995211 5.049640 0.000000 0.000000 0.000000 1.000000
0.997835 -0.008504 -0.065212 9.777913 0.004088 0.997707 -0.067557 189.357468 0.065637 0.067144 0.995582 4.845448 0.000000 0.000000 0.000000 1.000000
0.998241 -0.008467 -0.058671 9.906395 0.004348 0.997539 -0.069980 189.028854 0.059120 0.069602 0.995822 4.639887 0.000000 0.000000 0.000000 1.000000
0.998493 -0.008493 -0.054211 10.018573 0.004567 0.997385 -0.072128 188.742508 0.054682 0.071772 0.995921 4.433663 0.000000 0.000000 0.000000 1.000000
0.998594 -0.008690 -0.052296 10.113129 0.004786 0.997223 -0.074316 188.526138 0.052796 0.073961 0.995863 4.193656 0.000000 0.000000 0.000000 1.000000
0.998597 -0.008720 -0.052227 10.195498 0.004708 0.997062 -0.076456 188.287521 0.052741 0.076103 0.995704 3.987211 0.000000 0.000000 0.000000 1.000000
0.998493 -0.008626 -0.054199 10.265132 0.004356 0.996911 -0.078418 188.091995 0.054708 0.078063 0.995446 3.781804 0.000000 0.000000 0.000000 1.000000
0.998341 -0.008501 -0.056954 10.321177 0.003902 0.996757 -0.080371 187.927841 0.057453 0.080015 0.995137 3.610770 0.000000 0.000000 0.000000 1.000000
0.998145 -0.008365 -0.060310 10.363562 0.003378 0.996600 -0.082319 187.823975 0.060793 0.081963 0.994780 3.487563 0.000000 0.000000 0.000000 1.000000
0.997928 -0.008229 -0.063811 10.392500 0.002820 0.996429 -0.084392 187.778046 0.064278 0.084038 0.994387 3.367102 0.000000 0.000000 0.000000 1.000000
0.997723 -0.008102 -0.066963 10.408062 0.002301 0.996271 -0.086251 187.827179 0.067413 0.085900 0.994020 3.254728 0.000000 0.000000 0.000000 1.000000
0.997502 -0.007928 -0.070196 10.411366 0.001737 0.996135 -0.087822 187.954865 0.070621 0.087480 0.993660 3.157653 0.000000 0.000000 0.000000 1.000000
0.997281 -0.007702 -0.073289 10.402955 0.001130 0.996005 -0.089289 188.134506 0.073684 0.088963 0.993306 3.090397 0.000000 0.000000 0.000000 1.000000
0.997114 -0.007555 -0.075548 10.381505 0.000678 0.995883 -0.090650 188.376434 0.075922 0.090337 0.993013 3.056761 0.000000 0.000000 0.000000 1.000000
0.997012 -0.007490 -0.076878 10.347314 0.000395 0.995768 -0.091904 188.643036 0.077241 0.091599 0.992796 3.065937 0.000000 0.000000 0.000000 1.000000
0.996910 -0.007620 -0.078185 10.299480 0.000313 0.995662 -0.093049 188.930832 0.078554 0.092737 0.992587 3.114285 0.000000 0.000000 0.000000 1.000000
0.996811 -0.007810 -0.079419 10.239543 0.000305 0.995564 -0.094082 189.235947 0.079802 0.093757 0.992392 3.195947 0.000000 0.000000 0.000000 1.000000
0.996720 -0.008031 -0.080533 10.167564 0.000345 0.995477 -0.095001 189.554398 0.080932 0.094662 0.992214 3.303511 0.000000 0.000000 0.000000 1.000000
0.996641 -0.008224 -0.081479 10.085152 0.000412 0.995435 -0.095437 189.882492 0.081892 0.095083 0.992095 3.425419 0.000000 0.000000 0.000000 1.000000
