<?xml version="1.0" encoding="utf-8"?>
<COLLADA xmlns="http://www.collada.org/2005/11/COLLADASchema" version="1.4.1">
  <asset><contributor><author>Mixamo</author><authoring_tool>COLLADA Mixamo exporter</authoring_tool><comments></comments></contributor><created>2018-10-08T13:36:20Z</created><modified>2018-10-08T13:36:20Z</modified><revision></revision><title></title><unit meter="0.010000"/><up_axis>Y_UP</up_axis></asset>
  <library_animations>
    <animation id="mixamorig_Hips-anim" name="mixamorig_Hips"><source id="mixamorig_Hips-Matrix-animation-input"><float_array id="mixamorig_Hips-Matrix-animation-input-array" count="31">

0.000000 0.033333 0.066667 0.100000 0.133333 0.166667 0.200000 0.233333 0.266667 0.300000 0.333333 0.366667 0.400000 0.433333 0.466667 0.500000
0.533333 0.566667 0.600000 0.633333 0.666667 0.700000 0.733333 0.766667 0.800000 0.833333 0.866667 0.900000 0.933333 0.966667 1.000000</float_array><technique_common><accessor source="#mixamorig_Hips-Matrix-animation-input-array" count="31"><param name="TIME" type="float"/></accessor></technique_common></source><source id="mixamorig_Hips-Matrix-animation-output-transform"><float_array id="mixamorig_Hips-Matrix-animation-output-transform-array" count="496">

0.998973 0.033683 0.030292 -3.104491 -0.026928 0.979258 -0.200821 186.075348 -0.036428 0.199799 0.979160 0.608028 0.000000 0.000000 0.000000 1.000000
0.997009 0.061853 0.046338 -4.691405 -0.052355 0.981574 -0.183772 184.184555 -0.056851 0.180796 0.981876 12.646609 0.000000 0.000000 0.000000 1.000000
0.994368 0.092068 0.052488 -5.711581 -0.082088 0.982362 -0.168006 182.125122 -0.067030 0.162751 0.984388 23.642696 0.000000 0.000000 0.000000 1.000000
0.991492 0.120216 0.049926 -6.114512 -0.111006 0.981172 -0.158045 181.035965 -0.067986 0.151158 0.986169 33.829346 0.000000 0.000000 0.000000 1.000000
0.989757 0.136957 0.040304 -6.241253 -0.129096 0.979133 -0.156948 181.791718 -0.060958 0.150137 0.986784 43.999264 0.000000 0.000000 0.000000 1.000000
0.989808 0.140449 0.023528 -6.386216 -0.134799 0.977337 -0.163222 184.244354 -0.045919 0.158386 0.986309 54.506413 0.000000 0.000000 0.000000 1.000000
0.990743 0.135753 -0.000504 -6.513105 -0.133823 0.976016 -0.171708 187.315735 -0.022818 0.170186 0.985148 65.139664 0.000000 0.000000 0.000000 1.000000
0.991386 0.127983 -0.027826 -6.532576 -0.130898 0.975406 -0.177340 190.132736 0.004445 0.179455 0.983756 75.807663 0.000000 0.000000 0.000000 1.000000
0.991396 0.120376 -0.051416 -6.431702 -0.127713 0.975648 -0.178329 192.235825 0.028698 0.183362 0.982627 86.505783 0.000000 0.000000 0.000000 1.000000
0.990854 0.115796 -0.069280 -6.231723 -0.126440 0.976061 -0.176966 193.251816 0.047129 0.184107 0.981776 97.220291 0.000000 0.000000 0.000000 1.000000
0.989828 0.112599 -0.086957 -6.025769 -0.126593 0.975999 -0.177198 193.290451 0.064917 0.186404 0.980326 108.068062 0.000000 0.000000 0.000000 1.000000
0.987751 0.110003 -0.110664 -5.954310 -0.128756 0.975237 -0.179818 192.660797 0.088143 0.191864 0.977455 119.183678 0.000000 0.000000 0.000000 1.000000
0.984250 0.109271 -0.138964 -6.020224 -0.133672 0.974442 -0.180539 191.056305 0.115685 0.196271 0.973702 130.589966 0.000000 0.000000 0.000000 1.000000
0.980720 0.108117 -0.162785 -5.779609 -0.136427 0.975210 -0.174220 188.732330 0.139913 0.193070 0.971158 142.647873 0.000000 0.000000 0.000000 1.000000
0.980069 0.097476 -0.173099 -5.075251 -0.125676 0.979045 -0.160241 186.164291 0.153852 0.178802 0.971782 155.146423 0.000000 0.000000 0.000000 1.000000
0.982081 0.074712 -0.173019 -3.970042 -0.099668 0.985071 -0.140363 183.438812 0.159949 0.155092 0.974865 167.919647 0.000000 0.000000 0.000000 1.000000
0.984266 0.045171 -0.170820 -2.777740 -0.066081 0.990720 -0.118776 180.687378 0.163869 0.128195 0.978117 180.543716 0.000000 0.000000 0.000000 1.000000
0.984634 0.012499 -0.174181 -1.986708 -0.030727 0.994273 -0.102355 178.612717 0.171905 0.106134 0.979380 192.042892 0.000000 0.000000 0.000000 1.000000
0.983494 -0.007970 -0.180765 -1.756006 -0.009940 0.995141 -0.097954 178.190613 0.180667 0.098133 0.978636 202.579880 0.000000 0.000000 0.000000 1.000000
0.983559 -0.010262 -0.180294 -1.973512 -0.009162 0.994262 -0.106575 179.925293 0.180354 0.106475 0.977822 212.603516 0.000000 0.000000 0.000000 1.000000
0.986182 0.002073 -0.165650 -2.482657 -0.022629 0.992235 -0.122301 183.183548 0.164111 0.124360 0.978572 222.330902 0.000000 0.000000 0.000000 1.000000
0.990019 0.020484 -0.139440 -3.179761 -0.039825 0.989720 -0.137364 186.860168 0.135193 0.141546 0.980657 231.876221 0.000000 0.000000 0.000000 1.000000
0.992937 0.037827 -0.112447 -4.000090 -0.054335 0.987556 -0.147580 190.128403 0.105465 0.152648 0.982637 243.113739 0.000000 0.000000 0.000000 1.000000
0.994632 0.049008 -0.091131 -4.879169 -0.062749 0.985979 -0.154621 192.459061 0.082276 0.159509 0.983762 254.686493 0.000000 0.000000 0.000000 1.000000
0.996112 0.055096 -0.068735 -5.790394 -0.065656 0.984555 -0.162301 193.700623 0.058731 0.166182 0.984344 266.542023 0.000000 0.000000 0.000000 1.000000
0.997234 0.057827 -0.046695 -6.426940 -0.064978 0.983307 -0.169955 193.868301 0.036088 0.172519 0.984345 278.640411 0.000000 0.000000 0.000000 1.000000
0.997987 0.057518 -0.026720 -6.376057 -0.061354 0.982277 -0.177109 193.076981 0.016059 0.178392 0.983828 291.021210 0.000000 0.000000 0.000000 1.000000
0.998551 0.053324 -0.007247 -5.563955 -0.053745 0.981318 -0.184731 191.731171 -0.002739 0.184853 0.982762 303.691376 0.000000 0.000000 0.000000 1.000000
0.998982 0.043663 0.011361 -4.503049 -0.040664 0.980448 -0.192532 189.957489 -0.019545 0.191874 0.981225 316.514648 0.000000 0.000000 0.000000 1.000000
0.999006 0.036721 0.025268 -3.530672 -0.030986 0.979605 -0.198531 187.994217 -0.032043 0.197551 0.979769 329.153168 0.000000 0.000000 0.000000 1.000000
0.998947 0.034276 0.030500 -3.111959 -0.027468 0.979242 -0.200826 186.032532 -0.036751 0.199776 0.979152 341.452789 0.000000 0.000000 0.000000 1.000000</float_array><technique_common><accessor source="#mixamorig_Hips-Matrix-animation-output-transform-array" count="31" stride="16"><param type="float4x4"/></accessor></technique_common></source><source id="mixamorig_Hips-Interpolations"><Name_array id="mixamorig_Hips-Interpolations-array" count="31">
 LINEAR LINEAR LINEAR LINEAR LINEAR LINEAR LINEAR LINEAR LINEAR LINEAR LINEAR
LINEAR LINEAR LINEAR LINEAR LINEAR LINEAR LINEAR LINEAR LINEAR LINEAR LINEAR LINEAR
LINEAR LINEAR LINEAR LINEAR LINEAR LINEAR LINEAR LINEAR</Name_array><technique_common><accessor source="#mixamorig_Hips-Interpolations-array" count="31"><param type="name"/></accessor></technique_common></source><sampler id="mixamorig_Hips-Matrix-animation-transform"><input semantic="INPUT" source="#mixamorig_Hips-Matrix-animation-input"/><input semantic="OUTPUT" source="#mixamorig_Hips-Matrix-animation-output-transform"/><input semantic="INTERPOLATION" source="#mixamorig_Hips-Interpolations"/></sampler><channel source="#mixamorig_Hips-Matrix-animation-transform" target="mixamorig_Hips/matrix"/></animation>
    <animation id="mixamorig_Spine-anim" name="mixamorig_Spine"><source id="mixamorig_Spine-Matrix-animation-input"><float_array id="mixamorig_Spine-Matrix-animation-input-array" count="31">

0.000000 0.033333 0.066667 0.100000 0.133333 0.166667 0.200000 0.233333 0.266667 0.300000 0.333333 0.366667 0.400000 0.433333 0.466667 0.500000
0.533333 0.566667 0.600000 0.633333 0.666667 0.700000 0.733333 0.766667 0.800000 0.833333 0.866667 0.900000 0.933333 0.966667 1.000000</float_array><technique_common><accessor source="#mixamorig_Spine-Matrix-animation-input-array" count="31"><param name="TIME" type="float"/></accessor></technique_common></source><source id="mixamorig_Spine-Matrix-animation-output-transform"><float_array id="mixamorig_Spine-Matrix-animation-output-transform-array" count="496">

0.999686 0.021631 -0.012649 0.006200 -0.022263 0.998389 -0.052181 19.525000 0.011500 0.052447 0.998558 -2.481800 0.000000 0.000000 0.000000 1.000000
0.999931 0.006531 -0.009734 0.006200 -0.007076 0.998349 -0.057010 19.525000 0.009346 0.057075 0.998326 -2.481800 0.000000 0.000000 0.000000 1.000000
0.999901 -0.011677 -0.007912 0.006200 0.011167 0.998032 -0.061697 19.525000 0.008617 0.061603 0.998064 -2.481800 0.000000 0.000000 0.000000 1.000000
0.999455 -0.032377 -0.006459 0.006200 0.031881 0.997317 -0.065892 19.525000 0.008575 0.065650 0.997806 -2.481800 0.000000 0.000000 0.000000 1.000000
0.998844 -0.047879 -0.004295 0.006200 0.047472 0.996514 -0.068609 19.525000 0.007565 0.068326 0.997634 -2.481800 0.000000 0.000000 0.000000 1.000000
0.998528 -0.054233 -0.000584 0.006200 0.054065 0.996169 -0.068729 19.525000 0.004309 0.068596 0.997635 -2.481800 0.000000 0.000000 0.000000 1.000000
0.998576 -0.053160 0.004578 0.006200 0.053346 0.996377 -0.066231 19.525000 -0.001041 0.066381 0.997794 -2.481800 0.000000 0.000000 0.000000 1.000000
0.998773 -0.048388 0.010534 0.006200 0.048953 0.996849 -0.062419 19.525000 -0.007480 0.062858 0.997994 -2.481800 0.000000 0.000000 0.000000 1.000000
0.998909 -0.043881 0.015990 0.006200 0.044747 0.997283 -0.058518 19.525000 -0.013378 0.059169 0.998158 -2.481800 0.000000 0.000000 0.000000 1.000000
0.998819 -0.043958 0.020703 0.006200 0.045030 0.997495 -0.054554 19.525000 -0.018253 0.055421 0.998296 -2.481800 0.000000 0.000000 0.000000 1.000000
0.998576 -0.046902 0.025408 0.006200 0.048125 0.997595 -0.049889 19.525000 -0.023007 0.051041 0.998432 -2.481800 0.000000 0.000000 0.000000 1.000000
0.998337 -0.048840 0.030637 0.006200 0.050182 0.997741 -0.044671 19.525000 -0.028386 0.046134 0.998532 -2.481800 0.000000 0.000000 0.000000 1.000000
0.998247 -0.047524 0.035271 0.006200 0.048942 0.997981 -0.040484 19.525000 -0.033275 0.042140 0.998557 -2.481800 0.000000 0.000000 0.000000 1.000000
0.998414 -0.042292 0.037164 0.006200 0.043748 0.998271 -0.039260 19.525000 -0.035439 0.040823 0.998538 -2.481800 0.000000 0.000000 0.000000 1.000000
0.998954 -0.030095 0.034416 0.006200 0.031554 0.998591 -0.042673 19.525000 -0.033083 0.043715 0.998496 -2.481800 0.000000 0.000000 0.000000 1.000000
0.999421 -0.014547 0.030749 0.006200 0.016042 0.998672 -0.048965 19.525000 -0.029996 0.049429 0.998327 -2.481800 0.000000 0.000000 0.000000 1.000000
0.999592 -0.000525 0.028560 0.006200 0.002116 0.998445 -0.055709 19.525000 -0.028486 0.055746 0.998039 -2.481800 0.000000 0.000000 0.000000 1.000000
0.999462 0.015086 0.029122 0.006200 -0.013282 0.998038 -0.061189 19.525000 -0.029988 0.060769 0.997701 -2.481800 0.000000 0.000000 0.000000 1.000000
0.999221 0.025264 0.030329 0.006200 -0.023262 0.997636 -0.064660 19.525000 -0.031891 0.063904 0.997446 -2.481800 0.000000 0.000000 0.000000 1.000000
0.999195 0.028461 0.028279 0.006200 -0.026531 0.997437 -0.066447 19.525000 -0.030098 0.065643 0.997389 -2.481800 0.000000 0.000000 0.000000 1.000000
0.999398 0.026405 0.022526 0.006200 -0.024832 0.997414 -0.067449 19.525000 -0.024249 0.066849 0.997468 -2.481800 0.000000 0.000000 0.000000 1.000000
0.999622 0.022636 0.015599 0.006200 -0.021517 0.997417 -0.068533 19.525000 -0.017110 0.068171 0.997527 -2.481800 0.000000 0.000000 0.000000 1.000000
0.999731 0.020719 0.010397 0.006200 -0.019949 0.997391 -0.069381 19.525000 -0.011808 0.069155 0.997536 -2.481800 0.000000 0.000000 0.000000 1.000000
0.999698 0.023352 0.007664 0.006200 -0.022771 0.997376 -0.068724 19.525000 -0.009249 0.068529 0.997606 -2.481800 0.000000 0.000000 0.000000 1.000000
0.999545 0.029487 0.006345 0.006200 -0.029007 0.997411 -0.065800 19.525000 -0.008269 0.065586 0.997813 -2.481800 0.000000 0.000000 0.000000 1.000000
0.999385 0.034766 0.004491 0.006200 -0.034423 0.997508 -0.061589 19.525000 -0.006621 0.061396 0.998092 -2.481800 0.000000 0.000000 0.000000 1.000000
0.999378 0.035253 0.000794 0.006200 -0.035149 0.997707 -0.057837 19.525000 -0.002831 0.057773 0.998326 -2.481800 0.000000 0.000000 0.000000 1.000000
0.999474 0.032131 -0.004300 0.006200 -0.032320 0.997944 -0.055349 19.525000 0.002512 0.055458 0.998458 -2.481800 0.000000 0.000000 0.000000 1.000000
0.999577 0.027700 -0.008812 0.006200 -0.028135 0.998153 -0.053840 19.525000 0.007305 0.054065 0.998511 -2.481800 0.000000 0.000000 0.000000 1.000000
0.999655 0.023461 -0.011781 0.006200 -0.024053 0.998311 -0.052876 19.525000 0.010520 0.053141 0.998532 -2.481800 0.000000 0.000000 0.000000 1.000000
0.999697 0.021027 -0.012826 0.006200 -0.021669 0.998402 -0.052189 19.525000 0.011708 0.052451 0.998555 -2.481800 0.000000 0.000000 0.000000 1.000000</float_array><technique_common><accessor source="#mixamorig_Spine-Matrix-animation-output-transform-array" count="31" stride="16"><param type="float4x4"/></accessor></technique_common></source><source id="mixamorig_Spine-Interpolations"><Name_array id="mixamorig_Spine-Interpolations-array" count="31">
 LINEAR LINEAR LINEAR LINEAR LINEAR LINEAR LINEAR LINEAR LINEAR LINEAR LINEAR
LINEAR LINEAR LINEAR LINEAR LINEAR LINEAR LINEAR LINEAR LINEAR LINEAR LINEAR LINEAR
LINEAR LINEAR LINEAR LINEAR LINEAR LINEAR LINEAR LINEAR</Name_array><technique_common><accessor source="#mixamorig_Spine-Interpolations-array" count="31"><param type="name"/></accessor></technique_common></source><sampler id="mixamorig_Spine-Matrix-animation-transform"><input semantic="INPUT" source="#mixamorig_Spine-Matrix-animation-input"/><input semantic="OUTPUT" source="#mixamorig_Spine-Matrix-animation-output-transform"/><input semantic="INTERPOLATION" source="#mixamorig_Spine-Interpolations"/></sampler><channel source="#mixamorig_Spine-Matrix-animation-transform" target="mixamorig_Spine/matrix"/></animation>
    <animation id="mixamorig_Spine1-anim" name="mixamorig_Spine1"><source id="mixamorig_Spine1-Matrix-animation-input"><float_array id="mixamorig_Spine1-Matrix-animation-input-array" count="31">

0.000000 0.033333 0.066667 0.100000 0.133333 0.166667 0.200000 0.233333 0.266667 0.300000 0.333333 0.366667 0.400000 0.433333 0.466667 0.500000
0.533333 0.566667 0.600000 0.633333 0.666667 0.700000 0.733333 0.766667 0.800000 0.833333 0.866667 0.900000 0.933333 0.966667 1.000000</float_array><technique_common><accessor source="#mixamorig_Spine1-Matrix-animation-input-array" count="31"><param name="TIME" type="float"/></accessor></technique_common></source><source id="mixamorig_Spine1-Matrix-animation-output-transform"><float_array id="mixamorig_Spine1-Matrix-animation-output-transform-array" count="496">

0.999433 0.015387 -0.029960 -0.000900 -0.018525 0.994036 -0.107465 22.834999 0.028128 0.107959 0.993757 -2.825400 0.000000 0.000000 0.000000 1.000000
0.999555 0.006747 -0.029071 -0.000900 -0.010025 0.993415 -0.114135 22.834999 0.028110 0.114376 0.993040 -2.825400 0.000000 0.000000 0.000000 1.000000
0.999669 0.000036 -0.025744 -0.000900 -0.003158 0.992618 -0.121242 22.834999 0.025549 0.121283 0.992289 -2.825400 0.000000 0.000000 0.000000 1.000000
0.999767 -0.004356 -0.021140 -0.000900 0.001625 0.991834 -0.127525 22.834999 0.021522 0.127461 0.991610 -2.825400 0.000000 0.000000 0.000000 1.000000
0.999856 -0.006169 -0.015793 -0.000900 0.004046 0.991363 -0.131084 22.834999 0.016466 0.131001 0.991245 -2.825400 0.000000 0.000000 0.000000 1.000000
0.999947 -0.005034 -0.008985 -0.000900 0.003817 0.991431 -0.130574 22.834999 0.009565 0.130532 0.991398 -2.825400 0.000000 0.000000 0.000000 1.000000
1.000000 -0.000830 -0.000016 -0.000900 0.000821 0.991941 -0.126697 22.834999 0.000121 0.126697 0.991941 -2.825400 0.000000 0.000000 0.000000 1.000000
0.999938 0.005248 0.009830 -0.000900 -0.004011 0.992546 -0.121805 22.834999 -0.010396 0.121758 0.992505 -2.825400 0.000000 0.000000 0.000000 1.000000
0.999782 0.010849 0.017849 -0.000900 -0.008677 0.993025 -0.117581 22.834999 -0.019000 0.117401 0.992903 -2.825400 0.000000 0.000000 0.000000 1.000000
0.999643 0.014003 0.022765 -0.000900 -0.011328 0.993457 -0.113645 22.834999 -0.024207 0.113347 0.993261 -2.825400 0.000000 0.000000 0.000000 1.000000
0.999552 0.014352 0.026266 -0.000900 -0.011421 0.994028 -0.108528 22.834999 -0.027667 0.108179 0.993746 -2.825400 0.000000 0.000000 0.000000 1.000000
0.999431 0.012829 0.031194 -0.000900 -0.009586 0.994741 -0.101974 22.834999 -0.032339 0.101617 0.994298 -2.825400 0.000000 0.000000 0.000000 1.000000
0.999200 0.011062 0.038426 -0.000900 -0.007324 0.995346 -0.096083 22.834999 -0.039310 0.095725 0.994631 -2.825400 0.000000 0.000000 0.000000 1.000000
0.998883 0.010973 0.045954 -0.000900 -0.006617 0.995560 -0.093894 22.834999 -0.046781 0.093485 0.994521 -2.825400 0.000000 0.000000 0.000000 1.000000
0.998585 0.014776 0.051087 -0.000900 -0.009720 0.995154 -0.097846 22.834999 -0.052285 0.097211 0.993890 -2.825400 0.000000 0.000000 0.000000 1.000000
0.998330 0.022151 0.053354 -0.000900 -0.016366 0.994177 -0.106511 22.834999 -0.055403 0.105460 0.992879 -2.825400 0.000000 0.000000 0.000000 1.000000
0.998018 0.030798 0.054882 -0.000900 -0.024206 0.992841 -0.116968 22.834999 -0.058092 0.115408 0.991618 -2.825400 0.000000 0.000000 0.000000 1.000000
0.997629 0.037562 0.057662 -0.000900 -0.030042 0.991556 -0.126148 22.834999 -0.061913 0.124116 0.990334 -2.825400 0.000000 0.000000 0.000000 1.000000
0.997328 0.040953 0.060490 -0.000900 -0.032663 0.990688 -0.132173 22.834999 -0.065340 0.129844 0.989379 -2.825400 0.000000 0.000000 0.000000 1.000000
0.997362 0.041980 0.059220 -0.000900 -0.033671 0.990284 -0.134918 22.834999 -0.064309 0.132568 0.989085 -2.825400 0.000000 0.000000 0.000000 1.000000
0.997816 0.042319 0.050718 -0.000900 -0.035090 0.990114 -0.135806 22.834999 -0.055964 0.133730 0.989436 -2.825400 0.000000 0.000000 0.000000 1.000000
0.998434 0.042182 0.036750 -0.000900 -0.036799 0.989955 -0.136513 22.834999 -0.042140 0.134947 0.989956 -2.825400 0.000000 0.000000 0.000000 1.000000
0.998907 0.040350 0.023577 -0.000900 -0.036753 0.989893 -0.136973 22.834999 -0.028865 0.135956 0.990294 -2.825400 0.000000 0.000000 0.000000 1.000000
0.999205 0.036102 0.016889 -0.000900 -0.033487 0.990211 -0.135499 22.834999 -0.021615 0.134826 0.990634 -2.825400 0.000000 0.000000 0.000000 1.000000
0.999395 0.030591 0.016520 -0.000900 -0.028168 0.990983 -0.130990 22.834999 -0.020378 0.130446 0.991246 -2.825400 0.000000 0.000000 0.000000 1.000000
0.999537 0.025660 0.016361 -0.000900 -0.023424 0.991925 -0.124641 22.834999 -0.019427 0.124200 0.992067 -2.825400 0.000000 0.000000 0.000000 1.000000
0.999703 0.022032 0.010376 -0.000900 -0.020647 0.992720 -0.118658 22.834999 -0.012915 0.118409 0.992881 -2.825400 0.000000 0.000000 0.000000 1.000000
0.999811 0.019355 -0.001660 -0.000900 -0.019418 0.993278 -0.114113 22.834999 -0.000560 0.114123 0.993466 -2.825400 0.000000 0.000000 0.000000 1.000000
0.999737 0.017270 -0.015059 -0.000900 -0.018836 0.993655 -0.110885 22.834999 0.013048 0.111139 0.993719 -2.825400 0.000000 0.000000 0.000000 1.000000
0.999555 0.015866 -0.025251 -0.000900 -0.018522 0.993902 -0.108703 22.834999 0.023373 0.109123 0.993753 -2.825400 0.000000 0.000000 0.000000 1.000000
0.999433 0.015387 -0.029960 -0.000900 -0.018526 0.994036 -0.107465 22.834999 0.028128 0.107959 0.993757 -2.825400 0.000000 0.000000 0.000000 1.000000</float_array><technique_common><accessor source="#mixamorig_Spine1-Matrix-animation-output-transform-array" count="31" stride="16"><param type="float4x4"/></accessor></technique_common></source><source id="mixamorig_Spine1-Interpolations"><Name_array id="mixamorig_Spine1-Interpolations-array" count="31">
 LINEAR LINEAR LINEAR LINEAR LINEAR LINEAR LINEAR LINEAR LINEAR LINEAR LINEAR
LINEAR LINEAR LINEAR LINEAR LINEAR LINEAR LINEAR LINEAR LINEAR LINEAR LINEAR LINEAR
LINEAR LINEAR LINEAR LINEAR LINEAR LINEAR LINEAR LINEAR</Name_array><technique_common><accessor source="#mixamorig_Spine1-Interpolations-array" count="31"><param type="name"/></accessor></technique_common></source><sampler id="mixamorig_Spine1-Matrix-animation-transform"><input semantic="INPUT" source="#mixamorig_Spine1-Matrix-animation-input"/><input semantic="OUTPUT" source="#mixamorig_Spine1-Matrix-animation-output-transform"/><input semantic="INTERPOLATION" source="#mixamorig_Spine1-Interpolations"/></sampler><channel source="#mixamorig_Spine1-Matrix-animation-transform" target="mixamorig_Spine1/matrix"/></animation>
    <animation id="mixamorig_Spine2-anim" name="mixamorig_Spine2"><source id="mixamorig_Spine2-Matrix-animation-input"><float_array id="mixamorig_Spine2-Matrix-animation-input-array" count="31">

0.000000 0.033333 0.066667 0.100000 0.133333 0.166667 0.200000 0.233333 0.266667 0.300000 0.333333 0.366667 0.400000 0.433333 0.466667 0.500000
0.533333 0.566667 0.600000 0.633333 0.666667 0.700000 0.733333 0.766667 0.800000 0.833333 0.866667 0.900000 0.933333 0.966667 1.000000</float_array><technique_common><accessor source="#mixamorig_Spine2-Matrix-animation-input-array" count="31"><param name="TIME" type="float"/></accessor></technique_common></source><source id="mixamorig_Spine2-Matrix-animation-output-transform"><float_array id="mixamorig_Spine2-Matrix-animation-output-transform-array" count="496">

0.999425 0.015296 -0.030276 -0.020600 -0.018467 0.994046 -0.107388 26.552500 0.028454 0.107885 0.993756 -3.193300 0.000000 0.000000 0.000000 1.000000
0.999549 0.006730 -0.029261 -0.020600 -0.010028 0.993420 -0.114090 26.552500 0.028301 0.114332 0.993039 -3.193300 0.000000 0.000000 0.000000 1.000000
0.999667 0.000067 -0.025817 -0.020600 -0.003198 0.992620 -0.121227 26.552500 0.025618 0.121269 0.992289 -3.193300 0.000000 0.000000 0.000000 1.000000
0.999769 -0.004289 -0.021039 -0.020600 0.001571 0.991832 -0.127541 26.552500 0.021414 0.127479 0.991610 -3.193300 0.000000 0.000000 0.000000 1.000000
0.999862 -0.006079 -0.015444 -0.020600 0.004002 0.991358 -0.131126 26.552500 0.016107 0.131046 0.991245 -3.193300 0.000000 0.000000 0.000000 1.000000
0.999952 -0.004945 -0.008399 -0.020600 0.003806 0.991426 -0.130615 26.552500 0.008973 0.130577 0.991398 -3.193300 0.000000 0.000000 0.000000 1.000000
0.999999 -0.000766 0.000689 -0.020600 0.000847 0.991941 -0.126702 26.552500 -0.000587 0.126702 0.991941 -3.193300 0.000000 0.000000 0.000000 1.000000
0.999930 0.005288 0.010552 -0.020600 -0.003964 0.992553 -0.121749 26.552500 -0.011117 0.121699 0.992505 -3.193300 0.000000 0.000000 0.000000 1.000000
0.999768 0.010899 0.018587 -0.020600 -0.008642 0.993040 -0.117464 26.552500 -0.019738 0.117276 0.992903 -3.193300 0.000000 0.000000 0.000000 1.000000
0.999623 0.014107 0.023568 -0.020600 -0.011345 0.993477 -0.113470 26.552500 -0.025015 0.113159 0.993262 -3.193300 0.000000 0.000000 0.000000 1.000000
0.999526 0.014557 0.027133 -0.020600 -0.011538 0.994052 -0.108295 26.552500 -0.028548 0.107930 0.993748 -3.193300 0.000000 0.000000 0.000000 1.000000
0.999399 0.013178 0.032065 -0.020600 -0.009855 0.994769 -0.101674 26.552500 -0.033238 0.101297 0.994301 -3.193300 0.000000 0.000000 0.000000 1.000000
0.999163 0.011564 0.039234 -0.020600 -0.007762 0.995378 -0.095719 26.552500 -0.040159 0.095334 0.994635 -3.193300 0.000000 0.000000 0.000000 1.000000
0.998844 0.011567 0.046655 -0.020600 -0.007162 0.995594 -0.093499 26.552500 -0.047531 0.093057 0.994526 -3.193300 0.000000 0.000000 0.000000 1.000000
0.998550 0.015309 0.051619 -0.020600 -0.010217 0.995183 -0.097504 26.552500 -0.052863 0.096836 0.993896 -3.193300 0.000000 0.000000 0.000000 1.000000
0.998302 0.022527 0.053716 -0.020600 -0.016717 0.994197 -0.106267 26.552500 -0.055798 0.105188 0.992886 -3.193300 0.000000 0.000000 0.000000 1.000000
0.997997 0.031036 0.055123 -0.020600 -0.024424 0.992855 -0.116803 26.552500 -0.058354 0.115223 0.991624 -3.193300 0.000000 0.000000 0.000000 1.000000
0.997611 0.037743 0.057856 -0.020600 -0.030206 0.991569 -0.126011 26.552500 -0.062124 0.123963 0.990340 -3.193300 0.000000 0.000000 0.000000 1.000000
0.997309 0.041122 0.060697 -0.020600 -0.032815 0.990702 -0.132029 26.552500 -0.065562 0.129682 0.989386 -3.193300 0.000000 0.000000 0.000000 1.000000
0.997341 0.042116 0.059470 -0.020600 -0.033783 0.990301 -0.134772 26.552500 -0.064569 0.132405 0.989090 -3.193300 0.000000 0.000000 0.000000 1.000000
0.997798 0.042390 0.051021 -0.020600 -0.035127 0.990129 -0.135683 26.552500 -0.056269 0.133592 0.989438 -3.193300 0.000000 0.000000 0.000000 1.000000
0.998421 0.042193 0.037083 -0.020600 -0.036768 0.989967 -0.136429 26.552500 -0.042468 0.134850 0.989956 -3.193300 0.000000 0.000000 0.000000 1.000000
0.998902 0.040330 0.023837 -0.020600 -0.036698 0.989901 -0.136931 26.552500 -0.029119 0.135906 0.990294 -3.193300 0.000000 0.000000 0.000000 1.000000
0.999206 0.036075 0.016931 -0.020600 -0.033454 0.990212 -0.135501 26.552500 -0.021653 0.134827 0.990633 -3.193300 0.000000 0.000000 0.000000 1.000000
0.999401 0.030569 0.016250 -0.020600 -0.028181 0.990977 -0.131033 26.552500 -0.020109 0.130497 0.991245 -3.193300 0.000000 0.000000 0.000000 1.000000
0.999546 0.025648 0.015834 -0.020600 -0.023477 0.991915 -0.124710 26.552500 -0.018905 0.124282 0.992067 -3.193300 0.000000 0.000000 0.000000 1.000000
0.999710 0.022022 0.009762 -0.020600 -0.020709 0.992712 -0.118720 26.552500 -0.012305 0.118483 0.992880 -3.193300 0.000000 0.000000 0.000000 1.000000
0.999811 0.019330 -0.002210 -0.020600 -0.019456 0.993274 -0.114138 26.552500 -0.000011 0.114159 0.993462 -3.193300 0.000000 0.000000 0.000000 1.000000
0.999732 0.017221 -0.015494 -0.020600 -0.018835 0.993657 -0.110866 26.552500 0.013486 0.111128 0.993715 -3.193300 0.000000 0.000000 0.000000 1.000000
0.999548 0.015794 -0.025595 -0.020600 -0.018487 0.993908 -0.108648 26.552500 0.023723 0.109072 0.993751 -3.193300 0.000000 0.000000 0.000000 1.000000
0.999425 0.015296 -0.030276 -0.020600 -0.018467 0.994046 -0.107388 26.552500 0.028454 0.107885 0.993756 -3.193300 0.000000 0.000000 0.000000 1.000000</float_array><technique_common><accessor source="#mixamorig_Spine2-Matrix-animation-output-transform-array" count="31" stride="16"><param type="float4x4"/></accessor></technique_common></source><source id="mixamorig_Spine2-Interpolations"><Name_array id="mixamorig_Spine2-Interpolations-array" count="31">
 LINEAR LINEAR LINEAR LINEAR LINEAR LINEAR LINEAR LINEAR LINEAR LINEAR LINEAR
LINEAR LINEAR LINEAR LINEAR LINEAR LINEAR LINEAR LINEAR LINEAR LINEAR LINEAR LINEAR
LINEAR LINEAR LINEAR LINEAR LINEAR LINEAR LINEAR LINEAR</Name_array><technique_common><accessor source="#mixamorig_Spine2-Interpolations-array" count="31"><param type="name"/></accessor></technique_common></source><sampler id="mixamorig_Spine2-Matrix-animation-transform"><input semantic="INPUT" source="#mixamorig_Spine2-Matrix-animation-input"/><input semantic="OUTPUT" source="#mixamorig_Spine2-Matrix-animation-output-transform"/><input semantic="INTERPOLATION" source="#mixamorig_Spine2-Interpolations"/></sampler><channel source="#mixamorig_Spine2-Matrix-animation-transform" target="mixamorig_Spine2/matrix"/></animation>
    <animation id="mixamorig_Neck-anim" name="mixamorig_Neck"><source id="mixamorig_Neck-Matrix-animation-input"><float_array id="mixamorig_Neck-Matrix-animation-input-array" count="31">

0.000000 0.033333 0.066667 0.100000 0.133333 0.166667 0.200000 0.233333 0.266667 0.300000 0.333333 0.366667 0.400000 0.433333 0.466667 0.500000
0.533333 0.566667 0.600000 0.633333 0.666667 0.700000 0.733333 0.766667 0.800000 0.833333 0.866667 0.900000 0.933333 0.966667 1.000000</float_array><technique_common><accessor source="#mixamorig_Neck-Matrix-animation-input-array" count="31"><param name="TIME" type="float"/></accessor></technique_common></source><source id="mixamorig_Neck-Matrix-animation-output-transform"><float_array id="mixamorig_Neck-Matrix-animation-output-transform-array" count="496">

0.999350 -0.031210 0.018067 -0.060000 0.030001 0.997518 0.063706 30.701799 -0.020011 -0.063123 0.997805 1.352200 0.000000 0.000000 0.000000 1.000000
0.999192 -0.037341 0.014852 -0.060000 0.036355 0.997421 0.061887 30.701799 -0.017124 -0.061297 0.997973 1.352200 0.000000 0.000000 0.000000 1.000000
0.998966 -0.043810 0.012170 -0.060000 0.043000 0.997254 0.060302 30.701799 -0.014778 -0.059716 0.998106 1.352200 0.000000 0.000000 0.000000 1.000000
0.998726 -0.049385 0.010374 -0.060000 0.048691 0.997073 0.058946 30.701799 -0.013255 -0.058366 0.998207 1.352200 0.000000 0.000000 0.000000 1.000000
0.998542 -0.053156 0.009411 -0.060000 0.052526 0.996943 0.057846 30.701799 -0.012457 -0.057267 0.998281 1.352200 0.000000 0.000000 0.000000 1.000000
0.998427 -0.055378 0.008782 -0.060000 0.054790 0.996868 0.057029 30.701799 -0.011913 -0.056458 0.998334 1.352200 0.000000 0.000000 0.000000 1.000000
0.998337 -0.057074 0.008069 -0.060000 0.056530 0.996800 0.056513 30.701799 -0.011269 -0.055962 0.998369 1.352200 0.000000 0.000000 0.000000 1.000000
0.998254 -0.058605 0.007357 -0.060000 0.058101 0.996729 0.056175 30.701799 -0.010625 -0.055650 0.998394 1.352200 0.000000 0.000000 0.000000 1.000000
0.998235 -0.058953 0.007145 -0.060000 0.058466 0.996738 0.055637 30.701799 -0.010402 -0.055121 0.998425 1.352200 0.000000 0.000000 0.000000 1.000000
0.998367 -0.056576 0.007934 -0.060000 0.056062 0.996939 0.054497 30.701799 -0.010993 -0.053964 0.998482 1.352200 0.000000 0.000000 0.000000 1.000000
0.998651 -0.050979 0.009852 -0.060000 0.050390 0.997329 0.052877 30.701799 -0.012521 -0.052309 0.998552 1.352200 0.000000 0.000000 0.000000 1.000000
0.998975 -0.043509 0.012493 -0.060000 0.042813 0.997759 0.051421 30.701799 -0.014702 -0.050833 0.998599 1.352200 0.000000 0.000000 0.000000 1.000000
0.999215 -0.036642 0.015066 -0.060000 0.035839 0.998079 0.050528 30.701799 -0.016888 -0.049948 0.998609 1.352200 0.000000 0.000000 0.000000 1.000000
0.999338 -0.032269 0.016819 -0.060000 0.031395 0.998263 0.049857 30.701799 -0.018399 -0.049296 0.998615 1.352200 0.000000 0.000000 0.000000 1.000000
0.999387 -0.030325 0.017480 -0.060000 0.029440 0.998373 0.048839 30.701799 -0.018932 -0.048294 0.998654 1.352200 0.000000 0.000000 0.000000 1.000000
0.999430 -0.028988 0.017302 -0.060000 0.028142 0.998484 0.047311 30.701799 -0.018647 -0.046797 0.998730 1.352200 0.000000 0.000000 0.000000 1.000000
0.999509 -0.026496 0.016733 -0.060000 0.025713 0.998640 0.045346 30.701799 -0.017911 -0.044893 0.998831 1.352200 0.000000 0.000000 0.000000 1.000000
0.999601 -0.023204 0.016078 -0.060000 0.022496 0.998827 0.042887 30.701799 -0.017054 -0.042509 0.998951 1.352200 0.000000 0.000000 0.000000 1.000000
0.999640 -0.021939 0.015468 -0.060000 0.021303 0.998966 0.040159 30.701799 -0.016333 -0.039815 0.999074 1.352200 0.000000 0.000000 0.000000 1.000000
0.999553 -0.025877 0.014968 -0.060000 0.025291 0.998953 0.038129 30.701799 -0.015939 -0.037733 0.999161 1.352200 0.000000 0.000000 0.000000 1.000000
0.999265 -0.035443 0.014603 -0.060000 0.034870 0.998678 0.037770 30.701799 -0.015923 -0.037233 0.999180 1.352200 0.000000 0.000000 0.000000 1.000000
0.998784 -0.047157 0.014358 -0.060000 0.046573 0.998167 0.038647 30.701799 -0.016154 -0.037931 0.999150 1.352200 0.000000 0.000000 0.000000 1.000000
0.998329 -0.056004 0.014227 -0.060000 0.055415 0.997705 0.038916 30.701799 -0.016374 -0.038063 0.999141 1.352200 0.000000 0.000000 0.000000 1.000000
0.998142 -0.059258 0.014205 -0.060000 0.058692 0.997575 0.037413 30.701799 -0.016388 -0.036509 0.999199 1.352200 0.000000 0.000000 0.000000 1.000000
0.998229 -0.057745 0.014294 -0.060000 0.057208 0.997729 0.035545 30.701799 -0.016314 -0.034664 0.999266 1.352200 0.000000 0.000000 0.000000 1.000000
0.998453 -0.053642 0.014603 -0.060000 0.053083 0.997930 0.036301 30.701799 -0.016520 -0.035470 0.999234 1.352200 0.000000 0.000000 0.000000 1.000000
0.998716 -0.048297 0.015259 -0.060000 0.047635 0.998018 0.041110 30.701799 -0.017214 -0.040330 0.999038 1.352200 0.000000 0.000000 0.000000 1.000000
0.998969 -0.042421 0.016177 -0.060000 0.041592 0.997955 0.048533 30.701799 -0.018203 -0.047810 0.998691 1.352200 0.000000 0.000000 0.000000 1.000000
0.999170 -0.036987 0.017090 -0.060000 0.035980 0.997789 0.055875 30.701799 -0.019118 -0.055214 0.998292 1.352200 0.000000 0.000000 0.000000 1.000000
0.999297 -0.033029 0.017759 -0.060000 0.031886 0.997615 0.061212 30.701799 -0.019739 -0.060602 0.997967 1.352200 0.000000 0.000000 0.000000 1.000000
0.999350 -0.031210 0.018067 -0.060000 0.030001 0.997518 0.063706 30.701799 -0.020011 -0.063122 0.997805 1.352200 0.000000 0.000000 0.000000 1.000000</float_array><technique_common><accessor source="#mixamorig_Neck-Matrix-animation-output-transform-array" count="31" stride="16"><param type="float4x4"/></accessor></technique_common></source><source id="mixamorig_Neck-Interpolations"><Name_array id="mixamorig_Neck-Interpolations-array" count="31">
 LINEAR LINEAR LINEAR LINEAR LINEAR LINEAR LINEAR LINEAR LINEAR LINEAR LINEAR
LINEAR LINEAR LINEAR LINEAR LINEAR LINEAR LINEAR LINEAR LINEAR LINEAR LINEAR LINEAR
LINEAR LINEAR LINEAR LINEAR LINEAR LINEAR LINEAR LINEAR</Name_array><technique_common><accessor source="#mixamorig_Neck-Interpolations-array" count="31"><param type="name"/></accessor></technique_common></source><sampler id="mixamorig_Neck-Matrix-animation-transform"><input semantic="INPUT" source="#mixamorig_Neck-Matrix-animation-input"/><input semantic="OUTPUT" source="#mixamorig_Neck-Matrix-animation-output-transform"/><input semantic="INTERPOLATION" source="#mixamorig_Neck-Interpolations"/></sampler><channel source="#mixamorig_Neck-Matrix-animation-transform" target="mixamorig_Neck/matrix"/></animation>
    <animation id="mixamorig_Head-anim" name="mixamorig_Head"><source id="mixamorig_Head-Matrix-animation-input"><float_array id="mixamorig_Head-Matrix-animation-input-array" count="31">

0.000000 0.033333 0.066667 0.100000 0.133333 0.166667 0.200000 0.233333 0.266667 0.300000 0.333333 0.366667 0.400000 0.433333 0.466667 0.500000
0.533333 0.566667 0.600000 0.633333 0.666667 0.700000 0.733333 0.766667 0.800000 0.833333 0.866667 0.900000 0.933333 0.966667 1.000000</float_array><technique_common><accessor source="#mixamorig_Head-Matrix-animation-input-array" count="31"><param name="TIME" type="float"/></accessor></technique_common></source><source id="mixamorig_Head-Matrix-animation-output-transform"><float_array id="mixamorig_Head-Matrix-animation-output-transform-array" count="496">

0.992488 -0.122044 -0.008507 -0.087200 0.121383 0.973666 0.192977 22.547600 -0.015269 -0.192560 0.981166 3.670900 0.000000 0.000000 0.000000 1.000000
0.992776 -0.118899 -0.016104 -0.087200 0.119775 0.974147 0.191550 22.547600 -0.007087 -0.192095 0.981351 3.670900 0.000000 0.000000 0.000000 1.000000
0.993225 -0.114410 -0.020377 -0.087200 0.116188 0.974209 0.193434 22.547600 -0.002280 -0.194491 0.980902 3.670900 0.000000 0.000000 0.000000 1.000000
0.993731 -0.109742 -0.021356 -0.087200 0.111799 0.974441 0.194846 22.547600 -0.000572 -0.196012 0.980601 3.670900 0.000000 0.000000 0.000000 1.000000
0.994155 -0.105984 -0.020572 -0.087200 0.107961 0.975291 0.192750 22.547600 -0.000365 -0.193844 0.981032 3.670900 0.000000 0.000000 0.000000 1.000000
0.994388 -0.103822 -0.020324 -0.087200 0.105793 0.976414 0.188210 22.547600 0.000304 -0.189303 0.981919 3.670900 0.000000 0.000000 0.000000 1.000000
0.994386 -0.103570 -0.021659 -0.087200 0.105793 0.976877 0.185792 22.547600 0.001916 -0.187041 0.982350 3.670900 0.000000 0.000000 0.000000 1.000000
0.994219 -0.104706 -0.023760 -0.087200 0.107314 0.976152 0.188708 22.547600 0.003435 -0.190167 0.981746 3.670900 0.000000 0.000000 0.000000 1.000000
0.994120 -0.105344 -0.025044 -0.087200 0.108214 0.974633 0.195910 22.547600 0.003771 -0.197468 0.980302 3.670900 0.000000 0.000000 0.000000 1.000000
0.994324 -0.103556 -0.024403 -0.087200 0.106360 0.973184 0.203963 22.547600 0.002627 -0.205400 0.978674 3.670900 0.000000 0.000000 0.000000 1.000000
0.994779 -0.099725 -0.021670 -0.087200 0.102053 0.972358 0.210012 22.547600 0.000128 -0.211127 0.977459 3.670900 0.000000 0.000000 0.000000 1.000000
0.995181 -0.096472 -0.017555 -0.087200 0.097997 0.972286 0.212263 22.547600 -0.003409 -0.212960 0.977055 3.670900 0.000000 0.000000 0.000000 1.000000
0.995310 -0.095812 -0.013366 -0.087200 0.096484 0.973132 0.209059 22.547600 -0.007024 -0.209368 0.977812 3.670900 0.000000 0.000000 0.000000 1.000000
0.995184 -0.097455 -0.010585 -0.087200 0.097602 0.975009 0.199579 22.547600 -0.009130 -0.199651 0.979825 3.670900 0.000000 0.000000 0.000000 1.000000
0.994925 -0.100066 -0.010499 -0.087200 0.100265 0.977358 0.186327 22.547600 -0.008383 -0.186434 0.982432 3.670900 0.000000 0.000000 0.000000 1.000000
0.994649 -0.102368 -0.013917 -0.087200 0.103217 0.978965 0.175991 22.547600 -0.004391 -0.176486 0.984293 3.670900 0.000000 0.000000 0.000000 1.000000
0.994541 -0.102335 -0.020391 -0.087200 0.104327 0.978924 0.175566 22.547600 0.001995 -0.176735 0.984256 3.670900 0.000000 0.000000 0.000000 1.000000
0.994850 -0.097639 -0.027219 -0.087200 0.101009 0.977363 0.185902 22.547600 0.008452 -0.187694 0.982191 3.670900 0.000000 0.000000 0.000000 1.000000
0.995572 -0.089034 -0.030159 -0.087200 0.093278 0.975431 0.199585 22.547600 0.011648 -0.201514 0.979416 3.670900 0.000000 0.000000 0.000000 1.000000
0.996295 -0.081890 -0.026281 -0.087200 0.085567 0.974590 0.207007 22.547600 0.008661 -0.208488 0.977987 3.670900 0.000000 0.000000 0.000000 1.000000
0.996519 -0.081764 -0.016293 -0.087200 0.083367 0.975188 0.205080 22.547600 -0.000879 -0.205724 0.978610 3.670900 0.000000 0.000000 0.000000 1.000000
0.996089 -0.088242 -0.004385 -0.087200 0.087344 0.976051 0.199239 22.547600 -0.013302 -0.198843 0.979941 3.670900 0.000000 0.000000 0.000000 1.000000
0.995466 -0.095020 0.004314 -0.087200 0.092312 0.976047 0.197002 22.547600 -0.022930 -0.195711 0.980394 3.670900 0.000000 0.000000 0.000000 1.000000
0.995287 -0.096706 0.007237 -0.087200 0.093295 0.975198 0.200712 22.547600 -0.026467 -0.199091 0.979624 3.670900 0.000000 0.000000 0.000000 1.000000
0.995522 -0.094364 0.005672 -0.087200 0.091163 0.974170 0.206595 22.547600 -0.025020 -0.205153 0.978410 3.670900 0.000000 0.000000 0.000000 1.000000
0.995614 -0.093526 0.002490 -0.087200 0.090931 0.973569 0.209513 22.547600 -0.022019 -0.208368 0.977803 3.670900 0.000000 0.000000 0.000000 1.000000
0.995215 -0.097703 -0.000597 -0.087200 0.095695 0.973495 0.207726 22.547600 -0.019714 -0.206789 0.978187 3.670900 0.000000 0.000000 0.000000 1.000000
0.994409 -0.105545 -0.003356 -0.087200 0.104024 0.973617 0.203099 22.547600 -0.018169 -0.202312 0.979152 3.670900 0.000000 0.000000 0.000000 1.000000
0.993514 -0.113561 -0.005803 -0.087200 0.112452 0.973677 0.198262 22.547600 -0.016864 -0.197629 0.980132 3.670900 0.000000 0.000000 0.000000 1.000000
0.992822 -0.119357 -0.007642 -0.087200 0.118553 0.973670 0.194710 22.547600 -0.015799 -0.194218 0.980831 3.670900 0.000000 0.000000 0.000000 1.000000
0.992488 -0.122043 -0.008507 -0.087200 0.121383 0.973666 0.192977 22.547600 -0.015268 -0.192560 0.981166 3.670900 0.000000 0.000000 0.000000 1.000000</float_array><technique_common><accessor source="#mixamorig_Head-Matrix-animation-output-transform-array" count="31" stride="16"><param type="float4x4"/></accessor></technique_common></source><source id="mixamorig_Head-Interpolations"><Name_array id="mixamorig_Head-Interpolations-array" count="31">
 LINEAR LINEAR LINEAR LINEAR LINEAR LINEAR LINEAR LINEAR LINEAR LINEAR LINEAR
LINEAR LINEAR LINEAR LINEAR LINEAR LINEAR LINEAR LINEAR LINEAR LINEAR LINEAR LINEAR
LINEAR LINEAR LINEAR LINEAR LINEAR LINEAR LINEAR LINEAR</Name_array><technique_common><accessor source="#mixamorig_Head-Interpolations-array" count="31"><param type="name"/></accessor></technique_common></source><sampler id="mixamorig_Head-Matrix-animation-transform"><input semantic="INPUT" source="#mixamorig_Head-Matrix-animation-input"/><input semantic="OUTPUT" source="#mixamorig_Head-Matrix-animation-output-transform"/><input semantic="INTERPOLATION" source="#mixamorig_Head-Interpolations"/></sampler><channel source="#mixamorig_Head-Matrix-animation-transform" target="mixamorig_Head/matrix"/></animation>
    <animation id="mixamorig_LeftShoulder-anim" name="mixamorig_LeftShoulder"><source id="mixamorig_LeftShoulder-Matrix-animation-input"><float_array id="mixamorig_LeftShoulder-Matrix-animation-input-array" count="31">

