<?xml version="1.0" encoding="utf-8"?>
<COLLADA xmlns="http://www.collada.org/2005/11/COLLADASchema" version="1.4.1">
  <asset><contributor><author>Mixamo</author><authoring_tool>COLLADA Mixamo exporter</authoring_tool><comments></comments></contributor><created>2018-10-08T13:49:23Z</created><modified>2018-10-08T13:49:23Z</modified><revision></revision><title></title><unit meter="0.010000"/><up_axis>Y_UP</up_axis></asset>
  <library_animations>
    <animation id="mixamorig_Hips-anim" name="mixamorig_Hips"><source id="mixamorig_Hips-Matrix-animation-input"><float_array id="mixamorig_Hips-Matrix-animation-input-array" count="50">

0.000000 0.033333 0.066667 0.100000 0.133333 0.166667 0.200000 0.233333 0.266667 0.300000 0.333333 0.366667 0.400000 0.433333 0.466667 0.500000
0.533333 0.566667 0.600000 0.633333 0.666667 0.700000 0.733333 0.766667 0.800000 0.833333 0.866667 0.900000 0.933333 0.966667 1.000000 1.033333
1.066667 1.100000 1.133333 1.166667 1.200000 1.233333 1.266667 1.300000 1.333333 1.366667 1.400000 1.433333 1.466667 1.500000 1.533333 1.566667
1.600000 1.633333</float_array><technique_common><accessor source="#mixamorig_Hips-Matrix-animation-input-array" count="50"><param name="TIME" type="float"/></accessor></technique_common></source><source id="mixamorig_Hips-Matrix-animation-output-transform"><float_array id="mixamorig_Hips-Matrix-animation-output-transform-array" count="800">

0.998482 0.055060 0.001272 0.337038 -0.055026 0.996354 0.065192 200.307068 0.002322 -0.065163 0.997872 -0.408968 0.000000 0.000000 0.000000 1.000000
0.997859 0.050583 0.041454 3.282843 -0.053220 0.996452 0.065197 200.233734 -0.038009 -0.067264 0.997011 -0.150673 0.000000 0.000000 0.000000 1.000000
0.995460 0.046229 0.083200 6.708095 -0.051728 0.996530 0.065202 200.157455 -0.079897 -0.069210 0.994398 0.276710 0.000000 0.000000 0.000000 1.000000
0.991055 0.042450 0.126523 10.484904 -0.051011 0.996567 0.065204 200.082611 -0.123321 -0.071075 0.989818 0.932385 0.000000 0.000000 0.000000 1.000000
0.984438 0.038997 0.171351 14.273895 -0.050827 0.996577 0.065204 199.983749 -0.168222 -0.072899 0.983050 1.850975 0.000000 0.000000 0.000000 1.000000
0.975402 0.035359 0.217581 17.621023 -0.050672 0.996585 0.065205 199.835403 -0.214533 -0.074626 0.973862 3.028106 0.000000 0.000000 0.000000 1.000000
0.963718 0.031208 0.265093 20.198067 -0.050210 0.996608 0.065206 199.628540 -0.262159 -0.076150 0.962016 4.444066 0.000000 0.000000 0.000000 1.000000
0.949124 0.026694 0.313770 21.918913 -0.049587 0.996639 0.065207 199.396332 -0.310974 -0.077448 0.947257 6.083381 0.000000 0.000000 0.000000 1.000000
0.931341 0.022172 0.363472 22.891891 -0.049175 0.996659 0.065206 199.182480 -0.360812 -0.078603 0.929320 7.952786 0.000000 0.000000 0.000000 1.000000
0.910115 0.017585 0.413982 23.300240 -0.048917 0.996672 0.065204 198.960617 -0.411458 -0.079594 0.907947 10.093092 0.000000 0.000000 0.000000 1.000000
0.885198 0.013061 0.465030 23.334799 -0.048959 0.996670 0.065201 198.716125 -0.462630 -0.080483 0.882890 12.563869 0.000000 0.000000 0.000000 1.000000
0.856367 0.008629 0.516296 23.131220 -0.049349 0.996651 0.065198 198.441086 -0.514005 -0.081312 0.853925 15.418089 0.000000 0.000000 0.000000 1.000000
0.823419 0.004301 0.567418 22.753958 -0.050132 0.996612 0.065195 198.151672 -0.565215 -0.082129 0.820845 18.670441 0.000000 0.000000 0.000000 1.000000
0.786182 0.000203 0.617995 22.208246 -0.051504 0.996543 0.065193 197.871780 -0.615846 -0.083083 0.783474 22.278404 0.000000 0.000000 0.000000 1.000000
0.744521 -0.004120 0.667587 21.457327 -0.052940 0.996468 0.065190 197.609421 -0.665497 -0.083877 0.741672 26.154156 0.000000 0.000000 0.000000 1.000000
0.698346 -0.009048 0.715704 20.443655 -0.053899 0.996416 0.065188 197.354126 -0.713729 -0.084099 0.695355 30.130558 0.000000 0.000000 0.000000 1.000000
0.647630 -0.014531 0.761817 19.156225 -0.054322 0.996394 0.065185 197.114471 -0.760017 -0.083599 0.644505 34.048843 0.000000 0.000000 0.000000 1.000000
0.592458 -0.020518 0.805340 17.617542 -0.054100 0.996406 0.065185 196.985321 -0.803783 -0.082189 0.589218 37.766899 0.000000 0.000000 0.000000 1.000000
0.532948 -0.026443 0.845734 15.888078 -0.054005 0.996411 0.065186 197.069031 -0.844423 -0.080415 0.529607 41.135788 0.000000 0.000000 0.000000 1.000000
0.469335 -0.032349 0.882427 14.056973 -0.053884 0.996417 0.065187 197.360703 -0.881375 -0.078143 0.465910 44.005520 0.000000 0.000000 0.000000 1.000000
0.401935 -0.038224 0.914870 12.227794 -0.053622 0.996431 0.065189 197.796814 -0.914097 -0.075259 0.398451 46.241966 0.000000 0.000000 0.000000 1.000000
0.331140 -0.043834 0.942563 10.502736 -0.053659 0.996429 0.065190 198.316025 -0.942055 -0.072164 0.327605 47.779957 0.000000 0.000000 0.000000 1.000000
0.257456 -0.049162 0.965039 8.950706 -0.054086 0.996406 0.065189 198.859924 -0.964775 -0.068978 0.253871 48.650253 0.000000 0.000000 0.000000 1.000000
0.181474 -0.054280 0.981897 7.592818 -0.054690 0.996373 0.065188 199.380524 -0.981874 -0.065530 0.177848 48.845806 0.000000 0.000000 0.000000 1.000000
0.103847 -0.059181 0.992831 6.412272 -0.055411 0.996334 0.065185 199.839020 -0.993049 -0.061783 0.100187 48.184029 0.000000 0.000000 0.000000 1.000000
0.025276 -0.063842 0.997640 5.368881 -0.056334 0.996282 0.065182 200.190109 -0.998092 -0.057848 0.021586 46.502747 0.000000 0.000000 0.000000 1.000000
-0.053507 -0.068268 0.996231 4.420489 -0.057520 0.996214 0.065178 200.410141 -0.996909 -0.053816 -0.057232 44.047432 0.000000 0.000000 0.000000 1.000000
-0.131783 -0.072345 0.988635 3.531944 -0.057932 0.996191 0.065176 200.421539 -0.989584 -0.048684 -0.135472 41.426750 0.000000 0.000000 0.000000 1.000000
-0.208854 -0.075774 0.975007 2.669480 -0.057171 0.996235 0.065177 200.222824 -0.976274 -0.042130 -0.212400 38.984478 0.000000 0.000000 0.000000 1.000000
-0.284036 -0.078512 0.955594 1.784492 -0.056109 0.996295 0.065179 199.927216 -0.957171 -0.035104 -0.287389 36.521362 0.000000 0.000000 0.000000 1.000000
-0.356688 -0.080483 0.930750 0.825139 -0.054733 0.996371 0.065183 199.575302 -0.932619 -0.027693 -0.359799 33.761250 0.000000 0.000000 0.000000 1.000000
-0.426240 -0.081610 0.900921 -0.263737 -0.053001 0.996464 0.065189 199.188416 -0.903056 -0.019963 -0.429058 30.708637 0.000000 0.000000 0.000000 1.000000
-0.492213 -0.082233 0.866582 -1.537900 -0.051705 0.996532 0.065196 198.804123 -0.868938 -0.012716 -0.494758 27.562107 0.000000 0.000000 0.000000 1.000000
-0.554248 -0.082644 0.828239 -3.015147 -0.051165 0.996560 0.065200 198.449356 -0.830777 -0.006240 -0.556570 24.513546 0.000000 0.000000 0.000000 1.000000
-0.612067 -0.083117 0.786426 -4.664085 -0.051553 0.996540 0.065200 198.142136 -0.789124 -0.000636 -0.614234 21.645010 0.000000 0.000000 0.000000 1.000000
-0.665480 -0.083475 0.741734 -6.392900 -0.052326 0.996499 0.065199 197.932083 -0.744580 0.004576 -0.667518 18.985090 0.000000 0.000000 0.000000 1.000000
-0.714407 -0.083157 0.694771 -8.091743 -0.052584 0.996486 0.065200 197.806458 -0.697752 0.010045 -0.716269 16.529791 0.000000 0.000000 0.000000 1.000000
-0.758833 -0.082104 0.646089 -9.667702 -0.052303 0.996500 0.065203 197.768188 -0.649181 0.015686 -0.760472 14.223343 0.000000 0.000000 0.000000 1.000000
-0.798806 -0.080581 0.596168 -11.031418 -0.051861 0.996523 0.065206 197.825806 -0.599350 0.021169 -0.800207 12.016500 0.000000 0.000000 0.000000 1.000000
-0.834428 -0.078815 0.545452 -12.081072 -0.051502 0.996542 0.065207 197.967453 -0.548705 0.026319 -0.835602 9.895485 0.000000 0.000000 0.000000 1.000000
-0.865846 -0.076929 0.494361 -12.703266 -0.051312 0.996552 0.065207 198.180923 -0.497672 0.031093 -0.866808 7.880200 0.000000 0.000000 0.000000 1.000000
-0.893238 -0.075039 0.443277 -12.794898 -0.051359 0.996549 0.065206 198.453751 -0.446640 0.035478 -0.894010 6.010971 0.000000 0.000000 0.000000 1.000000
-0.916820 -0.073177 0.392538 -12.292934 -0.051623 0.996536 0.065203 198.765717 -0.395949 0.039516 -0.917422 4.339614 0.000000 0.000000 0.000000 1.000000
-0.936827 -0.071390 0.342430 -11.212237 -0.052106 0.996511 0.065200 199.097122 -0.345889 0.043239 -0.937278 2.917856 0.000000 0.000000 0.000000 1.000000
-0.953501 -0.069841 0.293187 -9.660597 -0.052941 0.996467 0.065197 199.436005 -0.296705 0.046643 -0.953829 1.789799 0.000000 0.000000 0.000000 1.000000
-0.967106 -0.068345 0.245021 -7.797827 -0.053899 0.996416 0.065194 199.746170 -0.248599 0.049843 -0.967323 0.984731 0.000000 0.000000 0.000000 1.000000
-0.977930 -0.066357 0.198113 -5.780299 -0.054403 0.996389 0.065192 199.974426 -0.201723 0.052976 -0.978009 0.501776 0.000000 0.000000 0.000000 1.000000
-0.986219 -0.063990 0.152568 -3.758592 -0.054564 0.996380 0.065192 200.120621 -0.156187 0.055969 -0.986140 0.298648 0.000000 0.000000 0.000000 1.000000
-0.992202 -0.061407 0.108467 -1.894323 -0.054539 0.996381 0.065193 200.206711 -0.112078 0.058769 -0.991960 0.296307 0.000000 0.000000 0.000000 1.000000
-0.996062 -0.059383 0.065830 -0.364920 -0.055092 0.996351 0.065191 200.312607 -0.069461 0.061308 -0.995699 0.384755 0.000000 0.000000 0.000000 1.000000</float_array><technique_common><accessor source="#mixamorig_Hips-Matrix-animation-output-transform-array" count="50" stride="16"><param type="float4x4"/></accessor></technique_common></source><source id="mixamorig_Hips-Interpolations"><Name_array id="mixamorig_Hips-Interpolations-array" count="50">
 LINEAR LINEAR LINEAR LINEAR LINEAR LINEAR LINEAR LINEAR LINEAR LINEAR LINEAR
LINEAR LINEAR LINEAR LINEAR LINEAR LINEAR LINEAR LINEAR LINEAR LINEAR LINEAR LINEAR
LINEAR LINEAR LINEAR LINEAR LINEAR LINEAR LINEAR LINEAR LINEAR LINEAR LINEAR LINEAR
LINEAR LINEAR LINEAR LINEAR LINEAR LINEAR LINEAR LINEAR LINEAR LINEAR LINEAR LINEAR
LINEAR LINEAR LINEAR</Name_array><technique_common><accessor source="#mixamorig_Hips-Interpolations-array" count="50"><param type="name"/></accessor></technique_common></source><sampler id="mixamorig_Hips-Matrix-animation-transform"><input semantic="INPUT" source="#mixamorig_Hips-Matrix-animation-input"/><input semantic="OUTPUT" source="#mixamorig_Hips-Matrix-animation-output-transform"/><input semantic="INTERPOLATION" source="#mixamorig_Hips-Interpolations"/></sampler><channel source="#mixamorig_Hips-Matrix-animation-transform" target="mixamorig_Hips/matrix"/></animation>
    <animation id="mixamorig_Spine-anim" name="mixamorig_Spine"><source id="mixamorig_Spine-Matrix-animation-input"><float_array id="mixamorig_Spine-Matrix-animation-input-array" count="50">

0.000000 0.033333 0.066667 0.100000 0.133333 0.166667 0.200000 0.233333 0.266667 0.300000 0.333333 0.366667 0.400000 0.433333 0.466667 0.500000
0.533333 0.566667 0.600000 0.633333 0.666667 0.700000 0.733333 0.766667 0.800000 0.833333 0.866667 0.900000 0.933333 0.966667 1.000000 1.033333
1.066667 1.100000 1.133333 1.166667 1.200000 1.233333 1.266667 1.300000 1.333333 1.366667 1.400000 1.433333 1.466667 1.500000 1.533333 1.566667
1.600000 1.633333</float_array><technique_common><accessor source="#mixamorig_Spine-Matrix-animation-input-array" count="50"><param name="TIME" type="float"/></accessor></technique_common></source><source id="mixamorig_Spine-Matrix-animation-output-transform"><float_array id="mixamorig_Spine-Matrix-animation-output-transform-array" count="800">

0.998708 -0.043186 0.026783 0.006200 0.044672 0.997339 -0.057609 19.525000 -0.024223 0.058731 0.997980 -2.481800 0.000000 0.000000 0.000000 1.000000
0.998488 -0.042227 0.035195 0.006200 0.044096 0.997559 -0.054145 19.525000 -0.032823 0.055616 0.997913 -2.481800 0.000000 0.000000 0.000000 1.000000
0.998344 -0.041222 0.040114 0.006200 0.043239 0.997772 -0.050799 19.525000 -0.037930 0.052449 0.997903 -2.481800 0.000000 0.000000 0.000000 1.000000
0.998407 -0.039673 0.040118 0.006200 0.041595 0.997968 -0.048276 19.525000 -0.038121 0.049867 0.998028 -2.481800 0.000000 0.000000 0.000000 1.000000
0.998744 -0.036401 0.034415 0.006200 0.038017 0.998146 -0.047533 19.525000 -0.032621 0.048782 0.998277 -2.481800 0.000000 0.000000 0.000000 1.000000
0.999245 -0.030789 0.023690 0.006200 0.031925 0.998280 -0.049180 19.525000 -0.022135 0.049899 0.998509 -2.481800 0.000000 0.000000 0.000000 1.000000
0.999674 -0.023535 0.009877 0.006200 0.024026 0.998310 -0.052914 19.525000 -0.008615 0.053134 0.998550 -2.481800 0.000000 0.000000 0.000000 1.000000
0.999857 -0.016235 -0.004701 0.006200 0.015938 0.998215 -0.057556 19.525000 0.005627 0.057473 0.998331 -2.481800 0.000000 0.000000 0.000000 1.000000
0.999781 -0.009872 -0.018445 0.006200 0.008717 0.998057 -0.061689 19.525000 0.019018 0.061515 0.997925 -2.481800 0.000000 0.000000 0.000000 1.000000
0.999511 -0.003686 -0.031046 0.006200 0.001679 0.997923 -0.064400 19.525000 0.031219 0.064317 0.997441 -2.481800 0.000000 0.000000 0.000000 1.000000
0.999079 0.003176 -0.042780 0.006200 -0.005982 0.997828 -0.065608 19.525000 0.042479 0.065803 0.996928 -2.481800 0.000000 0.000000 0.000000 1.000000
0.998530 0.010437 -0.053197 0.006200 -0.013935 0.997734 -0.065828 19.525000 0.052389 0.066472 0.996412 -2.481800 0.000000 0.000000 0.000000 1.000000
0.998016 0.016381 -0.060790 0.006200 -0.020374 0.997634 -0.065656 19.525000 0.059571 0.066764 0.995989 -2.481800 0.000000 0.000000 0.000000 1.000000
0.997750 0.019159 -0.064254 0.006200 -0.023369 0.997584 -0.065424 19.525000 0.062845 0.066779 0.995787 -2.481800 0.000000 0.000000 0.000000 1.000000
0.997779 0.019053 -0.063821 0.006200 -0.023216 0.997606 -0.065136 19.525000 0.062427 0.066473 0.995833 -2.481800 0.000000 0.000000 0.000000 1.000000
0.997988 0.017576 -0.060917 0.006200 -0.021520 0.997672 -0.064708 19.525000 0.059638 0.065889 0.996043 -2.481800 0.000000 0.000000 0.000000 1.000000
0.998261 0.015773 -0.056791 0.006200 -0.019413 0.997752 -0.064136 19.525000 0.055652 0.065127 0.996324 -2.481800 0.000000 0.000000 0.000000 1.000000
0.998557 0.014088 -0.051817 0.006200 -0.017370 0.997834 -0.063443 19.525000 0.050811 0.064251 0.996639 -2.481800 0.000000 0.000000 0.000000 1.000000
0.998874 0.011722 -0.045965 0.006200 -0.014595 0.997927 -0.062678 19.525000 0.045135 0.063278 0.996975 -2.481800 0.000000 0.000000 0.000000 1.000000
0.999186 0.008923 -0.039349 0.006200 -0.011347 0.998023 -0.061812 19.525000 0.038720 0.062209 0.997312 -2.481800 0.000000 0.000000 0.000000 1.000000
0.999458 0.006097 -0.032336 0.006200 -0.008057 0.998115 -0.060834 19.525000 0.031904 0.061062 0.997624 -2.481800 0.000000 0.000000 0.000000 1.000000
0.999675 0.003078 -0.025310 0.006200 -0.004587 0.998201 -0.059774 19.525000 0.025080 0.059871 0.997891 -2.481800 0.000000 0.000000 0.000000 1.000000
0.999829 -0.000101 -0.018516 0.006200 -0.000985 0.998277 -0.058661 19.525000 0.018490 0.058669 0.998106 -2.481800 0.000000 0.000000 0.000000 1.000000
0.999922 -0.003099 -0.012133 0.006200 0.002396 0.998342 -0.057512 19.525000 0.012291 0.057479 0.998271 -2.481800 0.000000 0.000000 0.000000 1.000000
0.999964 -0.005463 -0.006466 0.006200 0.005091 0.998399 -0.056331 19.525000 0.006763 0.056296 0.998391 -2.481800 0.000000 0.000000 0.000000 1.000000
0.999975 -0.006721 -0.002031 0.006200 0.006599 0.998457 -0.055139 19.525000 0.002398 0.055124 0.998477 -2.481800 0.000000 0.000000 0.000000 1.000000
0.999977 -0.006774 0.000656 0.006200 0.006800 0.998516 -0.054029 19.525000 -0.000289 0.054032 0.998539 -2.481800 0.000000 0.000000 0.000000 1.000000
0.999985 -0.005303 0.001474 0.006200 0.005374 0.998572 -0.053149 19.525000 -0.001190 0.053157 0.998585 -2.481800 0.000000 0.000000 0.000000 1.000000
0.999994 -0.003196 0.000890 0.006200 0.003238 0.998614 -0.052536 19.525000 -0.000721 0.052539 0.998619 -2.481800 0.000000 0.000000 0.000000 1.000000
0.999997 -0.002222 -0.000267 0.006200 0.002205 0.998648 -0.051929 19.525000 0.000382 0.051928 0.998651 -2.481800 0.000000 0.000000 0.000000 1.000000
0.999997 -0.002325 -0.001218 0.006200 0.002260 0.998706 -0.050808 19.525000 0.001335 0.050805 0.998708 -2.481800 0.000000 0.000000 0.000000 1.000000
0.999995 -0.002887 -0.001523 0.006200 0.002809 0.998808 -0.048733 19.525000 0.001662 0.048728 0.998811 -2.481800 0.000000 0.000000 0.000000 1.000000
0.999990 -0.004448 -0.001060 0.006200 0.004394 0.998940 -0.045816 19.525000 0.001262 0.045811 0.998949 -2.481800 0.000000 0.000000 0.000000 1.000000
0.999970 -0.007716 0.000332 0.006200 0.007723 0.999049 -0.042904 19.525000 -0.000001 0.042906 0.999079 -2.481800 0.000000 0.000000 0.000000 1.000000
0.999908 -0.013286 0.002632 0.006200 0.013383 0.999061 -0.041207 19.525000 -0.002082 0.041239 0.999147 -2.481800 0.000000 0.000000 0.000000 1.000000
0.999781 -0.020238 0.005364 0.006200 0.020443 0.998927 -0.041556 19.525000 -0.004517 0.041657 0.999122 -2.481800 0.000000 0.000000 0.000000 1.000000
0.999623 -0.026405 0.007500 0.006200 0.026709 0.998680 -0.043862 19.525000 -0.006331 0.044046 0.999009 -2.481800 0.000000 0.000000 0.000000 1.000000
0.999503 -0.030550 0.007806 0.006200 0.030885 0.998408 -0.047191 19.525000 -0.006352 0.047409 0.998855 -2.481800 0.000000 0.000000 0.000000 1.000000
0.999436 -0.033099 0.005715 0.006200 0.033345 0.998171 -0.050428 19.525000 -0.004036 0.050591 0.998711 -2.481800 0.000000 0.000000 0.000000 1.000000
0.999356 -0.035817 0.001930 0.006200 0.035869 0.997950 -0.052997 19.525000 -0.000027 0.053032 0.998593 -2.481800 0.000000 0.000000 0.000000 1.000000
0.999175 -0.040565 -0.001954 0.006200 0.040396 0.997666 -0.055044 19.525000 0.004183 0.054919 0.998482 -2.481800 0.000000 0.000000 0.000000 1.000000
0.998850 -0.047735 -0.004589 0.006200 0.047396 0.997247 -0.057019 19.525000 0.007298 0.056736 0.998363 -2.481800 0.000000 0.000000 0.000000 1.000000
0.998439 -0.055561 -0.005785 0.006200 0.055123 0.996729 -0.059102 19.525000 0.009049 0.058690 0.998235 -2.481800 0.000000 0.000000 0.000000 1.000000
0.998101 -0.061276 -0.006312 0.006200 0.060779 0.996287 -0.060981 19.525000 0.010025 0.060481 0.998119 -2.481800 0.000000 0.000000 0.000000 1.000000
0.997990 -0.063013 -0.006786 0.006200 0.062472 0.996112 -0.062116 19.525000 0.010673 0.061568 0.998046 -2.481800 0.000000 0.000000 0.000000 1.000000
0.998148 -0.060462 -0.006677 0.006200 0.059932 0.996265 -0.062162 19.525000 0.010410 0.061646 0.998044 -2.481800 0.000000 0.000000 0.000000 1.000000
0.998491 -0.054739 -0.004340 0.006200 0.054371 0.996643 -0.061216 19.525000 0.007676 0.060887 0.998115 -2.481800 0.000000 0.000000 0.000000 1.000000
0.998824 -0.048450 0.001926 0.006200 0.048479 0.997034 -0.059777 19.525000 0.000976 0.059800 0.998210 -2.481800 0.000000 0.000000 0.000000 1.000000
0.998953 -0.043975 0.012648 0.006200 0.044642 0.997292 -0.058450 19.525000 -0.010043 0.058954 0.998210 -2.481800 0.000000 0.000000 0.000000 1.000000
0.998705 -0.043252 0.026783 0.006200 0.044737 0.997336 -0.057608 19.525000 -0.024220 0.058731 0.997980 -2.481800 0.000000 0.000000 0.000000 1.000000</float_array><technique_common><accessor source="#mixamorig_Spine-Matrix-animation-output-transform-array" count="50" stride="16"><param type="float4x4"/></accessor></technique_common></source><source id="mixamorig_Spine-Interpolations"><Name_array id="mixamorig_Spine-Interpolations-array" count="50">
 LINEAR LINEAR LINEAR LINEAR LINEAR LINEAR LINEAR LINEAR LINEAR LINEAR LINEAR
LINEAR LINEAR LINEAR LINEAR LINEAR LINEAR LINEAR LINEAR LINEAR LINEAR LINEAR LINEAR
LINEAR LINEAR LINEAR LINEAR LINEAR LINEAR LINEAR LINEAR LINEAR LINEAR LINEAR LINEAR
LINEAR LINEAR LINEAR LINEAR LINEAR LINEAR LINEAR LINEAR LINEAR LINEAR LINEAR LINEAR
LINEAR LINEAR LINEAR</Name_array><technique_common><accessor source="#mixamorig_Spine-Interpolations-array" count="50"><param type="name"/></accessor></technique_common></source><sampler id="mixamorig_Spine-Matrix-animation-transform"><input semantic="INPUT" source="#mixamorig_Spine-Matrix-animation-input"/><input semantic="OUTPUT" source="#mixamorig_Spine-Matrix-animation-output-transform"/><input semantic="INTERPOLATION" source="#mixamorig_Spine-Interpolations"/></sampler><channel source="#mixamorig_Spine-Matrix-animation-transform" target="mixamorig_Spine/matrix"/></animation>
    <animation id="mixamorig_Spine1-anim" name="mixamorig_Spine1"><source id="mixamorig_Spine1-Matrix-animation-input"><float_array id="mixamorig_Spine1-Matrix-animation-input-array" count="50">

0.000000 0.033333 0.066667 0.100000 0.133333 0.166667 0.200000 0.233333 0.266667 0.300000 0.333333 0.366667 0.400000 0.433333 0.466667 0.500000
0.533333 0.566667 0.600000 0.633333 0.666667 0.700000 0.733333 0.766667 0.800000 0.833333 0.866667 0.900000 0.933333 0.966667 1.000000 1.033333
1.066667 1.100000 1.133333 1.166667 1.200000 1.233333 1.266667 1.300000 1.333333 1.366667 1.400000 1.433333 1.466667 1.500000 1.533333 1.566667
1.600000 1.633333</float_array><technique_common><accessor source="#mixamorig_Spine1-Matrix-animation-input-array" count="50"><param name="TIME" type="float"/></accessor></technique_common></source><source id="mixamorig_Spine1-Matrix-animation-output-transform"><float_array id="mixamorig_Spine1-Matrix-animation-output-transform-array" count="800">

0.999615 -0.027098 0.005925 -0.000900 0.027212 0.999428 -0.020103 22.834999 -0.005376 0.020256 0.999780 -2.825400 0.000000 0.000000 0.000000 1.000000
0.999632 -0.025770 0.008489 -0.000900 0.025927 0.999484 -0.018960 22.834999 -0.007996 0.019173 0.999784 -2.825400 0.000000 0.000000 0.000000 1.000000
0.999651 -0.024434 0.010057 -0.000900 0.024613 0.999535 -0.017997 22.834999 -0.009612 0.018239 0.999787 -2.825400 0.000000 0.000000 0.000000 1.000000
0.999686 -0.022902 0.010211 -0.000900 0.023077 0.999582 -0.017428 22.834999 -0.009808 0.017659 0.999796 -2.825400 0.000000 0.000000 0.000000 1.000000
0.999742 -0.020961 0.008714 -0.000900 0.021110 0.999625 -0.017455 22.834999 -0.008344 0.017635 0.999810 -2.825400 0.000000 0.000000 0.000000 1.000000
0.999812 -0.018533 0.005750 -0.000900 0.018634 0.999662 -0.018108 22.834999 -0.005413 0.018211 0.999820 -2.825400 0.000000 0.000000 0.000000 1.000000
0.999874 -0.015754 0.001860 -0.000900 0.015787 0.999692 -0.019171 22.834999 -0.001558 0.019198 0.999814 -2.825400 0.000000 0.000000 0.000000 1.000000
0.999914 -0.012895 -0.002286 -0.000900 0.012846 0.999712 -0.020268 22.834999 0.002547 0.020237 0.999792 -2.825400 0.000000 0.000000 0.000000 1.000000
0.999929 -0.010175 -0.006157 -0.000900 0.010043 0.999728 -0.021045 22.834999 0.006369 0.020981 0.999760 -2.825400 0.000000 0.000000 0.000000 1.000000
0.999925 -0.007640 -0.009537 -0.000900 0.007435 0.999745 -0.021335 22.834999 0.009697 0.021262 0.999727 -2.825400 0.000000 0.000000 0.000000 1.000000
0.999908 -0.005212 -0.012505 -0.000900 0.004946 0.999763 -0.021216 22.834999 0.012613 0.021152 0.999697 -2.825400 0.000000 0.000000 0.000000 1.000000
0.999880 -0.002853 -0.015213 -0.000900 0.002534 0.999778 -0.020939 22.834999 0.015270 0.020898 0.999665 -2.825400 0.000000 0.000000 0.000000 1.000000
0.999845 -0.000737 -0.017609 -0.000900 0.000371 0.999784 -0.020790 22.834999 0.017621 0.020780 0.999629 -2.825400 0.000000 0.000000 0.000000 1.000000
0.999813 0.000692 -0.019306 -0.000900 -0.001096 0.999781 -0.020911 22.834999 0.019288 0.020928 0.999595 -2.825400 0.000000 0.000000 0.000000 1.000000
0.999805 0.000863 -0.019716 -0.000900 -0.001281 0.999775 -0.021190 22.834999 0.019693 0.021211 0.999581 -2.825400 0.000000 0.000000 0.000000 1.000000
0.999831 -0.000600 -0.018357 -0.000900 0.000209 0.999773 -0.021299 22.834999 0.018365 0.021292 0.999605 -2.825400 0.000000 0.000000 0.000000 1.000000
0.999879 -0.003523 -0.015173 -0.000900 0.003205 0.999776 -0.020925 22.834999 0.015243 0.020874 0.999666 -2.825400 0.000000 0.000000 0.000000 1.000000
0.999918 -0.007065 -0.010671 -0.000900 0.006850 0.999776 -0.020042 22.834999 0.010810 0.019967 0.999742 -2.825400 0.000000 0.000000 0.000000 1.000000
0.999933 -0.010019 -0.005814 -0.000900 0.009907 0.999770 -0.019008 22.834999 0.006003 0.018949 0.999802 -2.825400 0.000000 0.000000 0.000000 1.000000
0.999933 -0.011435 -0.001695 -0.000900 0.011402 0.999767 -0.018334 22.834999 0.001905 0.018314 0.999830 -2.825400 0.000000 0.000000 0.000000 1.000000
0.999938 -0.011125 0.000877 -0.000900 0.011139 0.999770 -0.018310 22.834999 -0.000673 0.018319 0.999832 -2.825400 0.000000 0.000000 0.000000 1.000000
0.999952 -0.009678 0.001726 -0.000900 0.009708 0.999776 -0.018798 22.834999 -0.001544 0.018814 0.999822 -2.825400 0.000000 0.000000 0.000000 1.000000
0.999967 -0.007988 0.001344 -0.000900 0.008013 0.999780 -0.019381 22.834999 -0.001189 0.019391 0.999811 -2.825400 0.000000 0.000000 0.000000 1.000000
0.999977 -0.006692 0.000583 -0.000900 0.006702 0.999784 -0.019689 22.834999 -0.000451 0.019693 0.999806 -2.825400 0.000000 0.000000 0.000000 1.000000
0.999983 -0.005912 0.000148 -0.000900 0.005914 0.999790 -0.019634 22.834999 -0.000032 0.019635 0.999807 -2.825400 0.000000 0.000000 0.000000 1.000000
0.999985 -0.005415 0.000244 -0.000900 0.005419 0.999798 -0.019375 22.834999 -0.000139 0.019376 0.999812 -2.825400 0.000000 0.000000 0.000000 1.000000
0.999988 -0.004924 0.000594 -0.000900 0.004935 0.999805 -0.019131 22.834999 -0.000500 0.019134 0.999817 -2.825400 0.000000 0.000000 0.000000 1.000000
0.999990 -0.004318 0.000783 -0.000900 0.004332 0.999810 -0.019008 22.834999 -0.000701 0.019011 0.999819 -2.825400 0.000000 0.000000 0.000000 1.000000
0.999993 -0.003635 0.000613 -0.000900 0.003646 0.999814 -0.018930 22.834999 -0.000544 0.018932 0.999821 -2.825400 0.000000 0.000000 0.000000 1.000000
0.999996 -0.002976 0.000189 -0.000900 0.002979 0.999821 -0.018705 22.834999 -0.000134 0.018705 0.999825 -2.825400 0.000000 0.000000 0.000000 1.000000
0.999997 -0.002429 -0.000230 -0.000900 0.002424 0.999833 -0.018137 22.834999 0.000274 0.018136 0.999835 -2.825400 0.000000 0.000000 0.000000 1.000000
0.999998 -0.002066 -0.000453 -0.000900 0.002058 0.999850 -0.017175 22.834999 0.000489 0.017174 0.999852 -2.825400 0.000000 0.000000 0.000000 1.000000
0.999998 -0.001984 -0.000427 -0.000900 0.001977 0.999870 -0.015999 22.834999 0.000459 0.015998 0.999872 -2.825400 0.000000 0.000000 0.000000 1.000000
0.999997 -0.002324 -0.000115 -0.000900 0.002322 0.999885 -0.014985 22.834999 0.000150 0.014985 0.999888 -2.825400 0.000000 0.000000 0.000000 1.000000
0.999995 -0.003170 0.000446 -0.000900 0.003177 0.999889 -0.014541 22.834999 -0.000400 0.014542 0.999894 -2.825400 0.000000 0.000000 0.000000 1.000000
0.999989 -0.004458 0.001097 -0.000900 0.004474 0.999879 -0.014878 22.834999 -0.001031 0.014882 0.999889 -2.825400 0.000000 0.000000 0.000000 1.000000
0.999981 -0.005979 0.001538 -0.000900 0.006002 0.999856 -0.015880 22.834999 -0.001443 0.015889 0.999873 -2.825400 0.000000 0.000000 0.000000 1.000000
0.999971 -0.007513 0.001429 -0.000900 0.007536 0.999824 -0.017173 22.834999 -0.001300 0.017183 0.999852 -2.825400 0.000000 0.000000 0.000000 1.000000
0.999959 -0.009003 0.000631 -0.000900 0.009014 0.999791 -0.018342 22.834999 -0.000466 0.018347 0.999832 -2.825400 0.000000 0.000000 0.000000 1.000000
0.999943 -0.010621 -0.000639 -0.000900 0.010606 0.999760 -0.019162 22.834999 0.000842 0.019155 0.999816 -2.825400 0.000000 0.000000 0.000000 1.000000
0.999919 -0.012605 -0.001918 -0.000900 0.012565 0.999728 -0.019667 22.834999 0.002165 0.019642 0.999805 -2.825400 0.000000 0.000000 0.000000 1.000000
0.999883 -0.015019 -0.002822 -0.000900 0.014959 0.999687 -0.020044 22.834999 0.003122 0.020000 0.999795 -2.825400 0.000000 0.000000 0.000000 1.000000
0.999839 -0.017623 -0.003300 -0.000900 0.017552 0.999637 -0.020454 22.834999 0.003659 0.020393 0.999785 -2.825400 0.000000 0.000000 0.000000 1.000000
0.999794 -0.019994 -0.003571 -0.000900 0.019915 0.999583 -0.020916 22.834999 0.003987 0.020841 0.999775 -2.825400 0.000000 0.000000 0.000000 1.000000
0.999756 -0.021778 -0.003805 -0.000900 0.021692 0.999537 -0.021323 22.834999 0.004268 0.021236 0.999765 -2.825400 0.000000 0.000000 0.000000 1.000000
0.999731 -0.022892 -0.003836 -0.000900 0.022804 0.999508 -0.021534 22.834999 0.004327 0.021440 0.999761 -2.825400 0.000000 0.000000 0.000000 1.000000
0.999717 -0.023565 -0.003179 -0.000900 0.023491 0.999493 -0.021469 22.834999 0.003683 0.021389 0.999764 -2.825400 0.000000 0.000000 0.000000 1.000000
0.999706 -0.024224 -0.001344 -0.000900 0.024190 0.999484 -0.021146 22.834999 0.001856 0.021107 0.999775 -2.825400 0.000000 0.000000 0.000000 1.000000
0.999678 -0.025313 0.001799 -0.000900 0.025345 0.999465 -0.020654 22.834999 -0.001275 0.020693 0.999785 -2.825400 0.000000 0.000000 0.000000 1.000000
0.999615 -0.027098 0.005925 -0.000900 0.027212 0.999428 -0.020103 22.834999 -0.005376 0.020256 0.999780 -2.825400 0.000000 0.000000 0.000000 1.000000</float_array><technique_common><accessor source="#mixamorig_Spine1-Matrix-animation-output-transform-array" count="50" stride="16"><param type="float4x4"/></accessor></technique_common></source><source id="mixamorig_Spine1-Interpolations"><Name_array id="mixamorig_Spine1-Interpolations-array" count="50">
 LINEAR LINEAR LINEAR LINEAR LINEAR LINEAR LINEAR LINEAR LINEAR LINEAR LINEAR
LINEAR LINEAR LINEAR LINEAR LINEAR LINEAR LINEAR LINEAR LINEAR LINEAR LINEAR LINEAR
LINEAR LINEAR LINEAR LINEAR LINEAR LINEAR LINEAR LINEAR LINEAR LINEAR LINEAR LINEAR
LINEAR LINEAR LINEAR LINEAR LINEAR LINEAR LINEAR LINEAR LINEAR LINEAR LINEAR LINEAR
LINEAR LINEAR LINEAR</Name_array><technique_common><accessor source="#mixamorig_Spine1-Interpolations-array" count="50"><param type="name"/></accessor></technique_common></source><sampler id="mixamorig_Spine1-Matrix-animation-transform"><input semantic="INPUT" source="#mixamorig_Spine1-Matrix-animation-input"/><input semantic="OUTPUT" source="#mixamorig_Spine1-Matrix-animation-output-transform"/><input semantic="INTERPOLATION" source="#mixamorig_Spine1-Interpolations"/></sampler><channel source="#mixamorig_Spine1-Matrix-animation-transform" target="mixamorig_Spine1/matrix"/></animation>
    <animation id="mixamorig_Spine2-anim" name="mixamorig_Spine2"><source id="mixamorig_Spine2-Matrix-animation-input"><float_array id="mixamorig_Spine2-Matrix-animation-input-array" count="50">

0.000000 0.033333 0.066667 0.100000 0.133333 0.166667 0.200000 0.233333 0.266667 0.300000 0.333333 0.366667 0.400000 0.433333 0.466667 0.500000
0.533333 0.566667 0.600000 0.633333 0.666667 0.700000 0.733333 0.766667 0.800000 0.833333 0.866667 0.900000 0.933333 0.966667 1.000000 1.033333
1.066667 1.100000 1.133333 1.166667 1.200000 1.233333 1.266667 1.300000 1.333333 1.366667 1.400000 1.433333 1.466667 1.500000 1.533333 1.566667
1.600000 1.633333</float_array><technique_common><accessor source="#mixamorig_Spine2-Matrix-animation-input-array" count="50"><param name="TIME" type="float"/></accessor></technique_common></source><source id="mixamorig_Spine2-Matrix-animation-output-transform"><float_array id="mixamorig_Spine2-Matrix-animation-output-transform-array" count="800">

0.999611 -0.027151 0.006310 -0.020600 0.027271 0.999435 -0.019651 26.552500 -0.005773 0.019815 0.999787 -3.193300 0.000000 0.000000 0.000000 1.000000
0.999627 -0.025824 0.008856 -0.020600 0.025984 0.999490 -0.018538 26.552500 -0.008373 0.018762 0.999789 -3.193300 0.000000 0.000000 0.000000 1.000000
0.999646 -0.024490 0.010400 -0.020600 0.024670 0.999541 -0.017606 26.552500 -0.009964 0.017856 0.999791 -3.193300 0.000000 0.000000 0.000000 1.000000
0.999681 -0.022958 0.010525 -0.020600 0.023135 0.999587 -0.017067 26.552500 -0.010129 0.017306 0.999799 -3.193300 0.000000 0.000000 0.000000 1.000000
0.999739 -0.021016 0.008988 -0.020600 0.021167 0.999629 -0.017128 26.552500 -0.008625 0.017314 0.999813 -3.193300 0.000000 0.000000 0.000000 1.000000
0.999809 -0.018581 0.005978 -0.020600 0.018685 0.999667 -0.017816 26.552500 -0.005645 0.017924 0.999823 -3.193300 0.000000 0.000000 0.000000 1.000000
0.999873 -0.015792 0.002034 -0.020600 0.015828 0.999696 -0.018914 26.552500 -0.001735 0.018944 0.999819 -3.193300 0.000000 0.000000 0.000000 1.000000
0.999914 -0.012921 -0.002169 -0.020600 0.012875 0.999716 -0.020043 26.552500 0.002427 0.020014 0.999797 -3.193300 0.000000 0.000000 0.000000 1.000000
0.999930 -0.010189 -0.006094 -0.020600 0.010060 0.999732 -0.020849 26.552500 0.006305 0.020786 0.999764 -3.193300 0.000000 0.000000 0.000000 1.000000
0.999925 -0.007649 -0.009524 -0.020600 0.007446 0.999748 -0.021162 26.552500 0.009684 0.021089 0.999731 -3.193300 0.000000 0.000000 0.000000 1.000000
0.999908 -0.005220 -0.012542 -0.020600 0.004956 0.999766 -0.021056 26.552500 0.012649 0.020992 0.999700 -3.193300 0.000000 0.000000 0.000000 1.000000
0.999879 -0.002865 -0.015301 -0.020600 0.002547 0.999781 -0.020785 26.552500 0.015357 0.020743 0.999667 -3.193300 0.000000 0.000000 0.000000 1.000000
0.999842 -0.000754 -0.017744 -0.020600 0.000388 0.999787 -0.020636 26.552500 0.017756 0.020626 0.999630 -3.193300 0.000000 0.000000 0.000000 1.000000
0.999810 0.000674 -0.019469 -0.020600 -0.001079 0.999784 -0.020766 26.552500 0.019451 0.020783 0.999595 -3.193300 0.000000 0.000000 0.000000 1.000000
0.999802 0.000853 -0.019866 -0.020600 -0.001272 0.999777 -0.021074 26.552500 0.019844 0.021096 0.999581 -3.193300 0.000000 0.000000 0.000000 1.000000
0.999830 -0.000594 -0.018441 -0.020600 0.000203 0.999774 -0.021236 26.552500 0.018450 0.021229 0.999604 -3.193300 0.000000 0.000000 0.000000 1.000000
0.999879 -0.003499 -0.015151 -0.020600 0.003182 0.999776 -0.020921 26.552500 0.015220 0.020870 0.999666 -3.193300 0.000000 0.000000 0.000000 1.000000
0.999920 -0.007025 -0.010533 -0.020600 0.006813 0.999775 -0.020081 26.552500 0.010672 0.020008 0.999743 -3.193300 0.000000 0.000000 0.000000 1.000000
0.999935 -0.009973 -0.005590 -0.020600 0.009865 0.999770 -0.019060 26.552500 0.005779 0.019003 0.999803 -3.193300 0.000000 0.000000 0.000000 1.000000
0.999934 -0.011391 -0.001435 -0.020600 0.011363 0.999767 -0.018372 26.552500 0.001644 0.018354 0.999830 -3.193300 0.000000 0.000000 0.000000 1.000000
0.999938 -0.011087 0.001133 -0.020600 0.011106 0.999770 -0.018322 26.552500 -0.000930 0.018334 0.999831 -3.193300 0.000000 0.000000 0.000000 1.000000
0.999952 -0.009645 0.001958 -0.020600 0.009680 0.999777 -0.018794 26.552500 -0.001777 0.018812 0.999821 -3.193300 0.000000 0.000000 0.000000 1.000000
0.999967 -0.007959 0.001550 -0.020600 0.007988 0.999780 -0.019374 26.552500 -0.001396 0.019386 0.999811 -3.193300 0.000000 0.000000 0.000000 1.000000
0.999978 -0.006664 0.000766 -0.020600 0.006678 0.999784 -0.019689 26.552500 -0.000635 0.019694 0.999806 -3.193300 0.000000 0.000000 0.000000 1.000000
0.999983 -0.005887 0.000309 -0.020600 0.005892 0.999790 -0.019639 26.552500 -0.000193 0.019640 0.999807 -3.193300 0.000000 0.000000 0.000000 1.000000
0.999985 -0.005395 0.000379 -0.020600 0.005401 0.999798 -0.019379 26.552500 -0.000274 0.019381 0.999812 -3.193300 0.000000 0.000000 0.000000 1.000000
0.999988 -0.004909 0.000702 -0.020600 0.004921 0.999805 -0.019133 26.552500 -0.000608 0.019136 0.999817 -3.193300 0.000000 0.000000 0.000000 1.000000
0.999990 -0.004307 0.000867 -0.020600 0.004322 0.999810 -0.019006 26.552500 -0.000785 0.019010 0.999819 -3.193300 0.000000 0.000000 0.000000 1.000000
0.999993 -0.003627 0.000676 -0.020600 0.003639 0.999814 -0.018928 26.552500 -0.000607 0.018931 0.999821 -3.193300 0.000000 0.000000 0.000000 1.000000
0.999996 -0.002969 0.000236 -0.020600 0.002973 0.999821 -0.018704 26.552500 -0.000180 0.018705 0.999825 -3.193300 0.000000 0.000000 0.000000 1.000000
0.999997 -0.002422 -0.000199 -0.020600 0.002418 0.999833 -0.018138 26.552500 0.000243 0.018138 0.999835 -3.193300 0.000000 0.000000 0.000000 1.000000
0.999998 -0.002054 -0.000410 -0.020600 0.002047 0.999850 -0.017176 26.552500 0.000445 0.017175 0.999852 -3.193300 0.000000 0.000000 0.000000 1.000000
0.999998 -0.001976 -0.000401 -0.020600 0.001969 0.999870 -0.015999 26.552500 0.000433 0.015998 0.999872 -3.193300 0.000000 0.000000 0.000000 1.000000
0.999997 -0.002322 -0.000105 -0.020600 0.002320 0.999885 -0.014983 26.552500 0.000140 0.014982 0.999888 -3.193300 0.000000 0.000000 0.000000 1.000000
0.999995 -0.003171 0.000459 -0.020600 0.003177 0.999889 -0.014532 26.552500 -0.000413 0.014534 0.999894 -3.193300 0.000000 0.000000 0.000000 1.000000
0.999989 -0.004462 0.001113 -0.020600 0.004478 0.999880 -0.014858 26.552500 -0.001047 0.014863 0.999889 -3.193300 0.000000 0.000000 0.000000 1.000000
0.999981 -0.005987 0.001554 -0.020600 0.006011 0.999856 -0.015844 26.552500 -0.001458 0.015853 0.999873 -3.193300 0.000000 0.000000 0.000000 1.000000
0.999971 -0.007524 0.001440 -0.020600 0.007548 0.999825 -0.017112 26.552500 -0.001311 0.017123 0.999853 -3.193300 0.000000 0.000000 0.000000 1.000000
0.999959 -0.009016 0.000637 -0.020600 0.009026 0.999793 -0.018251 26.552500 -0.000473 0.018256 0.999833 -3.193300 0.000000 0.000000 0.000000 1.000000
0.999943 -0.010632 -0.000631 -0.020600 0.010618 0.999762 -0.019035 26.552500 0.000833 0.019027 0.999819 -3.193300 0.000000 0.000000 0.000000 1.000000
0.999919 -0.012615 -0.001895 -0.020600 0.012576 0.999731 -0.019502 26.552500 0.002141 0.019477 0.999808 -3.193300 0.000000 0.000000 0.000000 1.000000
0.999883 -0.015028 -0.002773 -0.020600 0.014971 0.999691 -0.019840 26.552500 0.003070 0.019796 0.999799 -3.193300 0.000000 0.000000 0.000000 1.000000
0.999839 -0.017635 -0.003220 -0.020600 0.017566 0.999641 -0.020211 26.552500 0.003575 0.020151 0.999791 -3.193300 0.000000 0.000000 0.000000 1.000000
0.999794 -0.020008 -0.003464 -0.020600 0.019933 0.999588 -0.020632 26.552500 0.003875 0.020559 0.999781 -3.193300 0.000000 0.000000 0.000000 1.000000
0.999756 -0.021793 -0.003676 -0.020600 0.021711 0.999544 -0.020996 26.552500 0.004131 0.020911 0.999773 -3.193300 0.000000 0.000000 0.000000 1.000000
0.999731 -0.022908 -0.003683 -0.020600 0.022825 0.999515 -0.021166 26.552500 0.004167 0.021076 0.999769 -3.193300 0.000000 0.000000 0.000000 1.000000
0.999717 -0.023584 -0.002991 -0.020600 0.023516 0.999501 -0.021067 26.552500 0.003486 0.020991 0.999774 -3.193300 0.000000 0.000000 0.000000 1.000000
0.999705 -0.024250 -0.001103 -0.020600 0.024222 0.999492 -0.020721 26.552500 0.001605 0.020689 0.999785 -3.193300 0.000000 0.000000 0.000000 1.000000
0.999676 -0.025351 0.002109 -0.020600 0.025389 0.999473 -0.020215 26.552500 -0.001596 0.020262 0.999793 -3.193300 0.000000 0.000000 0.000000 1.000000
0.999611 -0.027151 0.006310 -0.020600 0.027271 0.999435 -0.019651 26.552500 -0.005773 0.019815 0.999787 -3.193300 0.000000 0.000000 0.000000 1.000000</float_array><technique_common><accessor source="#mixamorig_Spine2-Matrix-animation-output-transform-array" count="50" stride="16"><param type="float4x4"/></accessor></technique_common></source><source id="mixamorig_Spine2-Interpolations"><Name_array id="mixamorig_Spine2-Interpolations-array" count="50">
 LINEAR LINEAR LINEAR LINEAR LINEAR LINEAR LINEAR LINEAR LINEAR LINEAR LINEAR
LINEAR LINEAR LINEAR LINEAR LINEAR LINEAR LINEAR LINEAR LINEAR LINEAR LINEAR LINEAR
LINEAR LINEAR LINEAR LINEAR LINEAR LINEAR LINEAR LINEAR LINEAR LINEAR LINEAR LINEAR
LINEAR LINEAR LINEAR LINEAR LINEAR LINEAR LINEAR LINEAR LINEAR LINEAR LINEAR LINEAR
LINEAR LINEAR LINEAR</Name_array><technique_common><accessor source="#mixamorig_Spine2-Interpolations-array" count="50"><param type="name"/></accessor></technique_common></source><sampler id="mixamorig_Spine2-Matrix-animation-transform"><input semantic="INPUT" source="#mixamorig_Spine2-Matrix-animation-input"/><input semantic="OUTPUT" source="#mixamorig_Spine2-Matrix-animation-output-transform"/><input semantic="INTERPOLATION" source="#mixamorig_Spine2-Interpolations"/></sampler><channel source="#mixamorig_Spine2-Matrix-animation-transform" target="mixamorig_Spine2/matrix"/></animation>
    <animation id="mixamorig_Neck-anim" name="mixamorig_Neck"><source id="mixamorig_Neck-Matrix-animation-input"><float_array id="mixamorig_Neck-Matrix-animation-input-array" count="50">

0.000000 0.033333 0.066667 0.100000 0.133333 0.166667 0.200000 0.233333 0.266667 0.300000 0.333333 0.366667 0.400000 0.433333 0.466667 0.500000
0.533333 0.566667 0.600000 0.633333 0.666667 0.700000 0.733333 0.766667 0.800000 0.833333 0.866667 0.900000 0.933333 0.966667 1.000000 1.033333
1.066667 1.100000 1.133333 1.166667 1.200000 1.233333 1.266667 1.300000 1.333333 1.366667 1.400000 1.433333 1.466667 1.500000 1.533333 1.566667
