<?xml version="1.0" encoding="utf-8"?>
<COLLADA xmlns="http://www.collada.org/2005/11/COLLADASchema" version="1.4.1">
  <asset><contributor><author>Mixamo</author><authoring_tool>COLLADA Mixamo exporter</authoring_tool><comments></comments></contributor><created>2018-10-08T13:49:14Z</created><modified>2018-10-08T13:49:14Z</modified><revision></revision><title></title><unit meter="0.010000"/><up_axis>Y_UP</up_axis></asset>
  <library_animations>
    <animation id="mixamorig_Hips-anim" name="mixamorig_Hips"><source id="mixamorig_Hips-Matrix-animation-input"><float_array id="mixamorig_Hips-Matrix-animation-input-array" count="29">

0.000000 0.033333 0.066667 0.100000 0.133333 0.166667 0.200000 0.233333 0.266667 0.300000 0.333333 0.366667 0.400000 0.433333 0.466667 0.500000
0.533333 0.566667 0.600000 0.633333 0.666667 0.700000 0.733333 0.766667 0.800000 0.833333 0.866667 0.900000 0.933333</float_array><technique_common><accessor source="#mixamorig_Hips-Matrix-animation-input-array" count="29"><param name="TIME" type="float"/></accessor></technique_common></source><source id="mixamorig_Hips-Matrix-animation-output-transform"><float_array id="mixamorig_Hips-Matrix-animation-output-transform-array" count="464">

0.992425 0.047393 0.113339 0.288971 -0.055026 0.996354 0.065192 200.307068 -0.109836 -0.070934 0.991415 -0.444235 0.000000 0.000000 0.000000 1.000000
0.997411 0.055291 0.045983 0.675204 -0.057646 0.997003 0.051586 199.974258 -0.042993 -0.054103 0.997609 -1.600452 0.000000 0.000000 0.000000 1.000000
0.997820 0.059836 -0.027824 1.380954 -0.058645 0.997402 0.041826 199.545792 0.030255 -0.040103 0.998737 -2.596469 0.000000 0.000000 0.000000 1.000000
0.992760 0.065475 -0.100701 2.451240 -0.062120 0.997415 0.036103 199.468796 0.102805 -0.029586 0.994261 -3.789214 0.000000 0.000000 0.000000 1.000000
0.983316 0.073104 -0.166572 3.856173 -0.068380 0.997082 0.033927 199.800537 0.168566 -0.021971 0.985445 -5.099662 0.000000 0.000000 0.000000 1.000000
0.971432 0.079222 -0.223703 5.387826 -0.073333 0.996710 0.034526 200.076019 0.225702 -0.017135 0.974046 -6.412925 0.000000 0.000000 0.000000 1.000000
0.958934 0.079554 -0.272243 6.814613 -0.072242 0.996708 0.036793 199.991684 0.274274 -0.015614 0.961525 -7.674356 0.000000 0.000000 0.000000 1.000000
0.945944 0.075855 -0.315334 8.062653 -0.066923 0.996993 0.039073 199.693954 0.317349 -0.015858 0.948176 -8.900984 0.000000 0.000000 0.000000 1.000000
0.930668 0.071586 -0.358793 9.128654 -0.060770 0.997295 0.041347 199.330704 0.360782 -0.016676 0.932501 -10.108850 0.000000 0.000000 0.000000 1.000000
0.912609 0.068791 -0.403005 9.956172 -0.054955 0.997437 0.045811 199.007980 0.405124 -0.019660 0.914050 -11.265169 0.000000 0.000000 0.000000 1.000000
0.894080 0.069409 -0.442497 10.424340 -0.051245 0.997285 0.052889 198.905884 0.444967 -0.024612 0.895209 -12.345040 0.000000 0.000000 0.000000 1.000000
0.877195 0.072936 -0.474563 10.378078 -0.050128 0.996905 0.060559 198.975693 0.477511 -0.029334 0.878136 -13.409989 0.000000 0.000000 0.000000 1.000000
0.860544 0.078969 -0.503217 9.968952 -0.052169 0.996378 0.067147 199.062988 0.506697 -0.031530 0.861547 -14.501278 0.000000 0.000000 0.000000 1.000000
0.839676 0.088841 -0.535771 9.746667 -0.059277 0.995628 0.072194 198.839203 0.539842 -0.028861 0.841271 -15.470766 0.000000 0.000000 0.000000 1.000000
0.812294 0.095526 -0.575372 9.793340 -0.061520 0.995026 0.078346 198.420410 0.579995 -0.028243 0.814131 -16.222128 0.000000 0.000000 0.000000 1.000000
0.776811 0.098131 -0.622041 9.893764 -0.056777 0.994675 0.086012 198.200546 0.627169 -0.031497 0.778246 -16.733950 0.000000 0.000000 0.000000 1.000000
0.730075 0.096974 -0.676451 10.038368 -0.047802 0.994702 0.091006 198.419266 0.681693 -0.034106 0.730843 -16.889065 0.000000 0.000000 0.000000 1.000000
0.673340 0.097085 -0.732930 10.190539 -0.041846 0.994756 0.093324 198.822693 0.738147 -0.032168 0.673872 -16.591995 0.000000 0.000000 0.000000 1.000000
0.611229 0.099118 -0.785222 10.130020 -0.038101 0.994662 0.095896 199.298676 0.790536 -0.028696 0.611743 -15.948145 0.000000 0.000000 0.000000 1.000000
0.541746 0.098614 -0.834737 9.866491 -0.031973 0.994793 0.096772 199.864105 0.839934 -0.025736 0.542078 -15.031726 0.000000 0.000000 0.000000 1.000000
0.459418 0.097324 -0.882872 9.418089 -0.027937 0.995070 0.095155 200.267761 0.887781 -0.019051 0.459872 -13.799121 0.000000 0.000000 0.000000 1.000000
0.364625 0.097946 -0.925989 8.666164 -0.029594 0.995169 0.093610 200.384949 0.930684 -0.006729 0.365762 -12.232038 0.000000 0.000000 0.000000 1.000000
0.261737 0.099725 -0.959973 7.518013 -0.035465 0.994969 0.093691 200.136795 0.964487 0.009523 0.263957 -10.336152 0.000000 0.000000 0.000000 1.000000
0.150477 0.099210 -0.983623 6.046338 -0.045850 0.994582 0.093301 199.503662 0.987550 0.031059 0.154211 -8.179694 0.000000 0.000000 0.000000 1.000000
0.028169 0.091338 -0.995421 4.541078 -0.053668 0.994519 0.089736 199.149628 0.998161 0.050894 0.032917 -6.084271 0.000000 0.000000 0.000000 1.000000
-0.100468 0.079860 -0.991730 3.169887 -0.058125 0.994600 0.085979 199.320496 0.993241 0.066283 -0.095283 -4.175238 0.000000 0.000000 0.000000 1.000000
-0.224666 0.068091 -0.972054 1.959069 -0.060236 0.994677 0.083598 199.792526 0.972572 0.077335 -0.219368 -2.313922 0.000000 0.000000 0.000000 1.000000
-0.338202 0.053596 -0.939546 0.836803 -0.058377 0.995259 0.077787 200.189209 0.939261 0.081156 -0.333470 -0.474484 0.000000 0.000000 0.000000 1.000000
-0.441541 0.034256 -0.896587 0.155659 -0.055077 0.996352 0.065192 200.292999 0.895549 0.078166 -0.438043 1.452731 0.000000 0.000000 0.000000 1.000000</float_array><technique_common><accessor source="#mixamorig_Hips-Matrix-animation-output-transform-array" count="29" stride="16"><param type="float4x4"/></accessor></technique_common></source><source id="mixamorig_Hips-Interpolations"><Name_array id="mixamorig_Hips-Interpolations-array" count="29">
 LINEAR LINEAR LINEAR LINEAR LINEAR LINEAR LINEAR LINEAR LINEAR LINEAR LINEAR
LINEAR LINEAR LINEAR LINEAR LINEAR LINEAR LINEAR LINEAR LINEAR LINEAR LINEAR LINEAR
LINEAR LINEAR LINEAR LINEAR LINEAR LINEAR</Name_array><technique_common><accessor source="#mixamorig_Hips-Interpolations-array" count="29"><param type="name"/></accessor></technique_common></source><sampler id="mixamorig_Hips-Matrix-animation-transform"><input semantic="INPUT" source="#mixamorig_Hips-Matrix-animation-input"/><input semantic="OUTPUT" source="#mixamorig_Hips-Matrix-animation-output-transform"/><input semantic="INTERPOLATION" source="#mixamorig_Hips-Interpolations"/></sampler><channel source="#mixamorig_Hips-Matrix-animation-transform" target="mixamorig_Hips/matrix"/></animation>
    <animation id="mixamorig_Spine-anim" name="mixamorig_Spine"><source id="mixamorig_Spine-Matrix-animation-input"><float_array id="mixamorig_Spine-Matrix-animation-input-array" count="29">

0.000000 0.033333 0.066667 0.100000 0.133333 0.166667 0.200000 0.233333 0.266667 0.300000 0.333333 0.366667 0.400000 0.433333 0.466667 0.500000
0.533333 0.566667 0.600000 0.633333 0.666667 0.700000 0.733333 0.766667 0.800000 0.833333 0.866667 0.900000 0.933333</float_array><technique_common><accessor source="#mixamorig_Spine-Matrix-animation-input-array" count="29"><param name="TIME" type="float"/></accessor></technique_common></source><source id="mixamorig_Spine-Matrix-animation-output-transform"><float_array id="mixamorig_Spine-Matrix-animation-output-transform-array" count="464">

0.998708 -0.043186 0.026783 0.006200 0.044672 0.997339 -0.057609 19.525000 -0.024223 0.058731 0.997980 -2.481800 0.000000 0.000000 0.000000 1.000000
0.998982 -0.038890 0.022864 0.006200 0.040195 0.997407 -0.059697 19.525000 -0.020483 0.060556 0.997955 -2.481800 0.000000 0.000000 0.000000 1.000000
0.999241 -0.033603 0.019694 0.006200 0.034766 0.997471 -0.061994 19.525000 -0.017561 0.062631 0.997882 -2.481800 0.000000 0.000000 0.000000 1.000000
0.999290 -0.033724 0.016771 0.006200 0.034736 0.997331 -0.064216 19.525000 -0.014561 0.064753 0.997795 -2.481800 0.000000 0.000000 0.000000 1.000000
0.999070 -0.040858 0.013794 0.006200 0.041681 0.996953 -0.065933 19.525000 -0.011058 0.066447 0.997729 -2.481800 0.000000 0.000000 0.000000 1.000000
0.998686 -0.050181 0.010368 0.006200 0.050761 0.996500 -0.066419 19.525000 -0.006999 0.066858 0.997738 -2.481800 0.000000 0.000000 0.000000 1.000000
0.998487 -0.054671 0.005901 0.006200 0.054940 0.996361 -0.065161 19.525000 -0.002317 0.065387 0.997857 -2.481800 0.000000 0.000000 0.000000 1.000000
0.998488 -0.054932 0.001851 0.006200 0.054941 0.996546 -0.062275 19.525000 0.001577 0.062283 0.998057 -2.481800 0.000000 0.000000 0.000000 1.000000
0.998528 -0.054242 0.000314 0.006200 0.054167 0.996802 -0.058744 19.525000 0.002874 0.058675 0.998273 -2.481800 0.000000 0.000000 0.000000 1.000000
0.998567 -0.053513 -0.000672 0.006200 0.053392 0.997007 -0.055905 19.525000 0.003662 0.055789 0.998436 -2.481800 0.000000 0.000000 0.000000 1.000000
0.998501 -0.054602 -0.003870 0.006200 0.054317 0.997081 -0.053653 19.525000 0.006789 0.053362 0.998552 -2.481800 0.000000 0.000000 0.000000 1.000000
0.998390 -0.055986 -0.009133 0.006200 0.055452 0.997169 -0.050790 19.525000 0.011951 0.050202 0.998668 -2.481800 0.000000 0.000000 0.000000 1.000000
0.998381 -0.055401 -0.012891 0.006200 0.054723 0.997345 -0.048041 19.525000 0.015518 0.047257 0.998762 -2.481800 0.000000 0.000000 0.000000 1.000000
0.998231 -0.058315 -0.011617 0.006200 0.057707 0.997221 -0.047112 19.525000 0.014332 0.046358 0.998822 -2.481800 0.000000 0.000000 0.000000 1.000000
0.998214 -0.059370 -0.006569 0.006200 0.058984 0.997082 -0.048451 19.525000 0.009426 0.047978 0.998804 -2.481800 0.000000 0.000000 0.000000 1.000000
0.998450 -0.055650 -0.000295 0.006200 0.055563 0.997161 -0.050820 19.525000 0.003123 0.050725 0.998708 -2.481800 0.000000 0.000000 0.000000 1.000000
0.998776 -0.049050 0.006446 0.006200 0.049320 0.997428 -0.052004 19.525000 -0.003879 0.052258 0.998626 -2.481800 0.000000 0.000000 0.000000 1.000000
0.998794 -0.047744 0.011431 0.006200 0.048288 0.997408 -0.053351 19.525000 -0.008854 0.053839 0.998510 -2.481800 0.000000 0.000000 0.000000 1.000000
0.998638 -0.050410 0.013439 0.006200 0.051092 0.997100 -0.056394 19.525000 -0.010558 0.057004 0.998318 -2.481800 0.000000 0.000000 0.000000 1.000000
0.998533 -0.051742 0.015942 0.006200 0.052600 0.996861 -0.059168 19.525000 -0.012831 0.059920 0.998121 -2.481800 0.000000 0.000000 0.000000 1.000000
0.998306 -0.053883 0.021937 0.006200 0.055136 0.996602 -0.061196 19.525000 -0.018565 0.062301 0.997885 -2.481800 0.000000 0.000000 0.000000 1.000000
0.997788 -0.059388 0.029878 0.006200 0.061183 0.996118 -0.063294 19.525000 -0.026003 0.064982 0.997548 -2.481800 0.000000 0.000000 0.000000 1.000000
0.996965 -0.068377 0.037228 0.006200 0.070683 0.995403 -0.064625 19.525000 -0.032638 0.067060 0.997215 -2.481800 0.000000 0.000000 0.000000 1.000000
0.995708 -0.081148 0.044509 0.006200 0.083894 0.994432 -0.063764 19.525000 -0.039087 0.067224 0.996972 -2.481800 0.000000 0.000000 0.000000 1.000000
0.994926 -0.086106 0.052040 0.006200 0.089258 0.994099 -0.061638 19.525000 -0.046426 0.065970 0.996741 -2.481800 0.000000 0.000000 0.000000 1.000000
0.995211 -0.080081 0.056061 0.006200 0.083457 0.994660 -0.060714 19.525000 -0.050900 0.065102 0.996580 -2.481800 0.000000 0.000000 0.000000 1.000000
0.996289 -0.068758 0.051779 0.006200 0.071876 0.995549 -0.060964 19.525000 -0.047357 0.064459 0.996796 -2.481800 0.000000 0.000000 0.000000 1.000000
0.997630 -0.056122 0.039818 0.006200 0.058463 0.996468 -0.060283 19.525000 -0.036295 0.062468 0.997387 -2.481800 0.000000 0.000000 0.000000 1.000000
0.998706 -0.043237 0.026790 0.006200 0.044723 0.997337 -0.057608 19.525000 -0.024228 0.058732 0.997980 -2.481800 0.000000 0.000000 0.000000 1.000000</float_array><technique_common><accessor source="#mixamorig_Spine-Matrix-animation-output-transform-array" count="29" stride="16"><param type="float4x4"/></accessor></technique_common></source><source id="mixamorig_Spine-Interpolations"><Name_array id="mixamorig_Spine-Interpolations-array" count="29">
 LINEAR LINEAR LINEAR LINEAR LINEAR LINEAR LINEAR LINEAR LINEAR LINEAR LINEAR
LINEAR LINEAR LINEAR LINEAR LINEAR LINEAR LINEAR LINEAR LINEAR LINEAR LINEAR LINEAR
LINEAR LINEAR LINEAR LINEAR LINEAR LINEAR</Name_array><technique_common><accessor source="#mixamorig_Spine-Interpolations-array" count="29"><param type="name"/></accessor></technique_common></source><sampler id="mixamorig_Spine-Matrix-animation-transform"><input semantic="INPUT" source="#mixamorig_Spine-Matrix-animation-input"/><input semantic="OUTPUT" source="#mixamorig_Spine-Matrix-animation-output-transform"/><input semantic="INTERPOLATION" source="#mixamorig_Spine-Interpolations"/></sampler><channel source="#mixamorig_Spine-Matrix-animation-transform" target="mixamorig_Spine/matrix"/></animation>
    <animation id="mixamorig_Spine1-anim" name="mixamorig_Spine1"><source id="mixamorig_Spine1-Matrix-animation-input"><float_array id="mixamorig_Spine1-Matrix-animation-input-array" count="29">

0.000000 0.033333 0.066667 0.100000 0.133333 0.166667 0.200000 0.233333 0.266667 0.300000 0.333333 0.366667 0.400000 0.433333 0.466667 0.500000
0.533333 0.566667 0.600000 0.633333 0.666667 0.700000 0.733333 0.766667 0.800000 0.833333 0.866667 0.900000 0.933333</float_array><technique_common><accessor source="#mixamorig_Spine1-Matrix-animation-input-array" count="29"><param name="TIME" type="float"/></accessor></technique_common></source><source id="mixamorig_Spine1-Matrix-animation-output-transform"><float_array id="mixamorig_Spine1-Matrix-animation-output-transform-array" count="464">

0.999615 -0.027098 0.005925 -0.000900 0.027212 0.999428 -0.020103 22.834999 -0.005376 0.020256 0.999780 -2.825400 0.000000 0.000000 0.000000 1.000000
0.999629 -0.027053 0.003229 -0.000900 0.027117 0.999395 -0.021785 22.834999 -0.002638 0.021864 0.999757 -2.825400 0.000000 0.000000 0.000000 1.000000
0.999686 -0.025014 0.001198 -0.000900 0.025035 0.999410 -0.023528 22.834999 -0.000609 0.023551 0.999722 -2.825400 0.000000 0.000000 0.000000 1.000000
0.999770 -0.021411 -0.001267 -0.000900 0.021372 0.999449 -0.025398 22.834999 0.001810 0.025365 0.999677 -2.825400 0.000000 0.000000 0.000000 1.000000
0.999839 -0.017302 -0.004688 -0.000900 0.017168 0.999483 -0.027178 22.834999 0.005156 0.027093 0.999620 -2.825400 0.000000 0.000000 0.000000 1.000000
0.999880 -0.012794 -0.008717 -0.000900 0.012546 0.999531 -0.027934 22.834999 0.009071 0.027821 0.999572 -2.825400 0.000000 0.000000 0.000000 1.000000
0.999888 -0.007303 -0.013054 -0.000900 0.006949 0.999613 -0.026953 22.834999 0.013246 0.026860 0.999551 -2.825400 0.000000 0.000000 0.000000 1.000000
0.999859 -0.000710 -0.016765 -0.000900 0.000300 0.999701 -0.024438 22.834999 0.016777 0.024430 0.999561 -2.825400 0.000000 0.000000 0.000000 1.000000
0.999807 0.006412 -0.018546 -0.000900 -0.006808 0.999749 -0.021351 22.834999 0.018405 0.021473 0.999600 -2.825400 0.000000 0.000000 0.000000 1.000000
0.999711 0.013359 -0.019989 -0.000900 -0.013734 0.999730 -0.018731 22.834999 0.019734 0.019000 0.999625 -2.825400 0.000000 0.000000 0.000000 1.000000
0.999525 0.020253 -0.023250 -0.000900 -0.020639 0.999651 -0.016488 22.834999 0.022908 0.016960 0.999594 -2.825400 0.000000 0.000000 0.000000 1.000000
0.999237 0.027249 -0.027973 -0.000900 -0.027640 0.999524 -0.013709 22.834999 0.027586 0.014472 0.999515 -2.825400 0.000000 0.000000 0.000000 1.000000
0.998976 0.032506 -0.031479 -0.000900 -0.032869 0.999398 -0.011078 22.834999 0.031099 0.012101 0.999443 -2.825400 0.000000 0.000000 0.000000 1.000000
0.998888 0.035583 -0.030936 -0.000900 -0.035912 0.999303 -0.010145 22.834999 0.030553 0.011245 0.999470 -2.825400 0.000000 0.000000 0.000000 1.000000
0.998842 0.039587 -0.027348 -0.000900 -0.039907 0.999140 -0.011283 22.834999 0.026878 0.012362 0.999562 -2.825400 0.000000 0.000000 0.000000 1.000000
0.998736 0.044857 -0.022697 -0.000900 -0.045170 0.998889 -0.013447 22.834999 0.022069 0.014456 0.999652 -2.825400 0.000000 0.000000 0.000000 1.000000
0.998648 0.048969 -0.017431 -0.000900 -0.049227 0.998679 -0.014710 22.834999 0.016688 0.015548 0.999740 -2.825400 0.000000 0.000000 0.000000 1.000000
0.998703 0.049139 -0.013320 -0.000900 -0.049350 0.998653 -0.015994 22.834999 0.012517 0.016630 0.999783 -2.825400 0.000000 0.000000 0.000000 1.000000
0.998851 0.046493 -0.011587 -0.000900 -0.046703 0.998738 -0.018483 22.834999 0.010713 0.019003 0.999762 -2.825400 0.000000 0.000000 0.000000 1.000000
0.999034 0.042946 -0.009363 -0.000900 -0.043133 0.998852 -0.020820 22.834999 0.008459 0.021204 0.999739 -2.825400 0.000000 0.000000 0.000000 1.000000
0.999298 0.037225 -0.004310 -0.000900 -0.037313 0.999046 -0.022710 22.834999 0.003461 0.022855 0.999733 -2.825400 0.000000 0.000000 0.000000 1.000000
0.999601 0.028150 0.002146 -0.000900 -0.028088 0.999300 -0.024697 22.834999 -0.002840 0.024627 0.999693 -2.825400 0.000000 0.000000 0.000000 1.000000
0.999819 0.017306 0.007900 -0.000900 -0.017095 0.999515 -0.026027 22.834999 -0.008346 0.025887 0.999630 -2.825400 0.000000 0.000000 0.000000 1.000000
0.999895 0.005575 0.013357 -0.000900 -0.005230 0.999656 -0.025699 22.834999 -0.013496 0.025627 0.999580 -2.825400 0.000000 0.000000 0.000000 1.000000
0.999787 -0.005612 0.019841 -0.000900 0.006095 0.999685 -0.024363 22.834999 -0.019698 0.024478 0.999506 -2.825400 0.000000 0.000000 0.000000 1.000000
0.999568 -0.015900 0.024717 -0.000900 0.016486 0.999583 -0.023713 22.834999 -0.024330 0.024110 0.999413 -2.825400 0.000000 0.000000 0.000000 1.000000
0.999429 -0.024479 0.023272 -0.000900 0.025028 0.999407 -0.023636 22.834999 -0.022679 0.024205 0.999450 -2.825400 0.000000 0.000000 0.000000 1.000000
0.999483 -0.028325 0.015189 -0.000900 0.028665 0.999333 -0.022645 22.834999 -0.014537 0.023068 0.999628 -2.825400 0.000000 0.000000 0.000000 1.000000
0.999615 -0.027098 0.005925 -0.000900 0.027212 0.999428 -0.020103 22.834999 -0.005377 0.020256 0.999780 -2.825400 0.000000 0.000000 0.000000 1.000000</float_array><technique_common><accessor source="#mixamorig_Spine1-Matrix-animation-output-transform-array" count="29" stride="16"><param type="float4x4"/></accessor></technique_common></source><source id="mixamorig_Spine1-Interpolations"><Name_array id="mixamorig_Spine1-Interpolations-array" count="29">
 LINEAR LINEAR LINEAR LINEAR LINEAR LINEAR LINEAR LINEAR LINEAR LINEAR LINEAR
LINEAR LINEAR LINEAR LINEAR LINEAR LINEAR LINEAR LINEAR LINEAR LINEAR LINEAR LINEAR
LINEAR LINEAR LINEAR LINEAR LINEAR LINEAR</Name_array><technique_common><accessor source="#mixamorig_Spine1-Interpolations-array" count="29"><param type="name"/></accessor></technique_common></source><sampler id="mixamorig_Spine1-Matrix-animation-transform"><input semantic="INPUT" source="#mixamorig_Spine1-Matrix-animation-input"/><input semantic="OUTPUT" source="#mixamorig_Spine1-Matrix-animation-output-transform"/><input semantic="INTERPOLATION" source="#mixamorig_Spine1-Interpolations"/></sampler><channel source="#mixamorig_Spine1-Matrix-animation-transform" target="mixamorig_Spine1/matrix"/></animation>
    <animation id="mixamorig_Spine2-anim" name="mixamorig_Spine2"><source id="mixamorig_Spine2-Matrix-animation-input"><float_array id="mixamorig_Spine2-Matrix-animation-input-array" count="29">

0.000000 0.033333 0.066667 0.100000 0.133333 0.166667 0.200000 0.233333 0.266667 0.300000 0.333333 0.366667 0.400000 0.433333 0.466667 0.500000
0.533333 0.566667 0.600000 0.633333 0.666667 0.700000 0.733333 0.766667 0.800000 0.833333 0.866667 0.900000 0.933333</float_array><technique_common><accessor source="#mixamorig_Spine2-Matrix-animation-input-array" count="29"><param name="TIME" type="float"/></accessor></technique_common></source><source id="mixamorig_Spine2-Matrix-animation-output-transform"><float_array id="mixamorig_Spine2-Matrix-animation-output-transform-array" count="464">

0.999611 -0.027151 0.006310 -0.020600 0.027271 0.999435 -0.019651 26.552500 -0.005773 0.019815 0.999787 -3.193300 0.000000 0.000000 0.000000 1.000000
0.999606 -0.027822 0.003582 -0.020600 0.027892 0.999385 -0.021264 26.552500 -0.002988 0.021356 0.999767 -3.193300 0.000000 0.000000 0.000000 1.000000
0.999609 -0.027914 0.001661 -0.020600 0.027945 0.999346 -0.022938 26.552500 -0.001020 0.022976 0.999736 -3.193300 0.000000 0.000000 0.000000 1.000000
0.999618 -0.027619 -0.000525 -0.020600 0.027597 0.999313 -0.024749 26.552500 0.001208 0.024725 0.999694 -3.193300 0.000000 0.000000 0.000000 1.000000
0.999608 -0.027774 -0.003507 -0.020600 0.027672 0.999266 -0.026488 26.552500 0.004241 0.026381 0.999643 -3.193300 0.000000 0.000000 0.000000 1.000000
0.999574 -0.028328 -0.006985 -0.020600 0.028128 0.999234 -0.027215 26.552500 0.007751 0.027007 0.999605 -3.193300 0.000000 0.000000 0.000000 1.000000
0.999535 -0.028547 -0.010709 -0.020600 0.028258 0.999257 -0.026200 26.552500 0.011449 0.025885 0.999599 -3.193300 0.000000 0.000000 0.000000 1.000000
0.999509 -0.028139 -0.013759 -0.020600 0.027809 0.999333 -0.023656 26.552500 0.014416 0.023262 0.999625 -3.193300 0.000000 0.000000 0.000000 1.000000
0.999511 -0.027505 -0.014860 -0.020600 0.027197 0.999419 -0.020554 26.552500 0.015416 0.020140 0.999678 -3.193300 0.000000 0.000000 0.000000 1.000000
0.999510 -0.027127 -0.015631 -0.020600 0.026846 0.999479 -0.017925 26.552500 0.016109 0.017497 0.999717 -3.193300 0.000000 0.000000 0.000000 1.000000
0.999479 -0.026643 -0.018223 -0.020600 0.026358 0.999530 -0.015675 26.552500 0.018632 0.015186 0.999711 -3.193300 0.000000 0.000000 0.000000 1.000000
0.999421 -0.025710 -0.022299 -0.020600 0.025427 0.999594 -0.012890 26.552500 0.022622 0.012316 0.999668 -3.193300 0.000000 0.000000 0.000000 1.000000
0.999342 -0.026038 -0.025257 -0.020600 0.025786 0.999615 -0.010245 26.552500 0.025514 0.009587 0.999628 -3.193300 0.000000 0.000000 0.000000 1.000000
0.999315 -0.027916 -0.024277 -0.020600 0.027698 0.999573 -0.009297 26.552500 0.024527 0.008618 0.999662 -3.193300 0.000000 0.000000 0.000000 1.000000
0.999400 -0.028020 -0.020352 -0.020600 0.027813 0.999559 -0.010410 26.552500 0.020635 0.009837 0.999739 -3.193300 0.000000 0.000000 0.000000 1.000000
0.999548 -0.025791 -0.015449 -0.020600 0.025598 0.999593 -0.012578 26.552500 0.015767 0.012177 0.999802 -3.193300 0.000000 0.000000 0.000000 1.000000
0.999675 -0.023461 -0.009956 -0.020600 0.023322 0.999631 -0.013900 26.552500 0.010278 0.013663 0.999854 -3.193300 0.000000 0.000000 0.000000 1.000000
0.999705 -0.023594 -0.005691 -0.020600 0.023505 0.999608 -0.015216 26.552500 0.006048 0.015078 0.999868 -3.193300 0.000000 0.000000 0.000000 1.000000
0.999687 -0.024673 -0.004022 -0.020600 0.024599 0.999541 -0.017694 26.552500 0.004456 0.017590 0.999835 -3.193300 0.000000 0.000000 0.000000 1.000000
0.999714 -0.023813 -0.002153 -0.020600 0.023765 0.999517 -0.020024 26.552500 0.002629 0.019967 0.999797 -3.193300 0.000000 0.000000 0.000000 1.000000
0.999738 -0.022765 0.002341 -0.020600 0.022811 0.999500 -0.021900 26.552500 -0.001841 0.021948 0.999757 -3.193300 0.000000 0.000000 0.000000 1.000000
0.999695 -0.023358 0.008067 -0.020600 0.023544 0.999438 -0.023854 26.552500 -0.007505 0.024036 0.999683 -3.193300 0.000000 0.000000 0.000000 1.000000
0.999612 -0.024635 0.013001 -0.020600 0.024956 0.999372 -0.025143 26.552500 -0.012374 0.025458 0.999599 -3.193300 0.000000 0.000000 0.000000 1.000000
0.999496 -0.026399 0.017631 -0.020600 0.026832 0.999333 -0.024760 26.552500 -0.016966 0.025221 0.999538 -3.193300 0.000000 0.000000 0.000000 1.000000
0.999340 -0.027971 0.023192 -0.020600 0.028514 0.999319 -0.023404 26.552500 -0.022521 0.024050 0.999457 -3.193300 0.000000 0.000000 0.000000 1.000000
0.999194 -0.029663 0.027057 -0.020600 0.030284 0.999280 -0.022845 26.552500 -0.026360 0.023646 0.999373 -3.193300 0.000000 0.000000 0.000000 1.000000
0.999208 -0.031227 0.024682 -0.020600 0.031794 0.999231 -0.022940 26.552500 -0.023947 0.023707 0.999432 -3.193300 0.000000 0.000000 0.000000 1.000000
0.999416 -0.030245 0.015930 -0.020600 0.030594 0.999287 -0.022105 26.552500 -0.015250 0.022579 0.999629 -3.193300 0.000000 0.000000 0.000000 1.000000
0.999611 -0.027151 0.006310 -0.020600 0.027271 0.999435 -0.019651 26.552500 -0.005773 0.019815 0.999787 -3.193300 0.000000 0.000000 0.000000 1.000000</float_array><technique_common><accessor source="#mixamorig_Spine2-Matrix-animation-output-transform-array" count="29" stride="16"><param type="float4x4"/></accessor></technique_common></source><source id="mixamorig_Spine2-Interpolations"><Name_array id="mixamorig_Spine2-Interpolations-array" count="29">
 LINEAR LINEAR LINEAR LINEAR LINEAR LINEAR LINEAR LINEAR LINEAR LINEAR LINEAR
LINEAR LINEAR LINEAR LINEAR LINEAR LINEAR LINEAR LINEAR LINEAR LINEAR LINEAR LINEAR
LINEAR LINEAR LINEAR LINEAR LINEAR LINEAR</Name_array><technique_common><accessor source="#mixamorig_Spine2-Interpolations-array" count="29"><param type="name"/></accessor></technique_common></source><sampler id="mixamorig_Spine2-Matrix-animation-transform"><input semantic="INPUT" source="#mixamorig_Spine2-Matrix-animation-input"/><input semantic="OUTPUT" source="#mixamorig_Spine2-Matrix-animation-output-transform"/><input semantic="INTERPOLATION" source="#mixamorig_Spine2-Interpolations"/></sampler><channel source="#mixamorig_Spine2-Matrix-animation-transform" target="mixamorig_Spine2/matrix"/></animation>
    <animation id="mixamorig_Neck-anim" name="mixamorig_Neck"><source id="mixamorig_Neck-Matrix-animation-input"><float_array id="mixamorig_Neck-Matrix-animation-input-array" count="29">

0.000000 0.033333 0.066667 0.100000 0.133333 0.166667 0.200000 0.233333 0.266667 0.300000 0.333333 0.366667 0.400000 0.433333 0.466667 0.500000
0.533333 0.566667 0.600000 0.633333 0.666667 0.700000 0.733333 0.766667 0.800000 0.833333 0.866667 0.900000 0.933333</float_array><technique_common><accessor source="#mixamorig_Neck-Matrix-animation-input-array" count="29"><param name="TIME" type="float"/></accessor></technique_common></source><source id="mixamorig_Neck-Matrix-animation-output-transform"><float_array id="mixamorig_Neck-Matrix-animation-output-transform-array" count="464">

0.999968 -0.007936 -0.001378 -0.060000 0.007762 0.995152 -0.098040 30.701799 0.002149 0.098026 0.995182 1.352200 0.000000 0.000000 0.000000 1.000000
0.999826 -0.013753 -0.012567 -0.060000 0.012485 0.995305 -0.095980 30.701799 0.013828 0.095806 0.995304 1.352200 0.000000 0.000000 0.000000 1.000000
0.999126 -0.023637 -0.034485 -0.060000 0.020119 0.994881 -0.099032 30.701799 0.036649 0.098252 0.994486 1.352200 0.000000 0.000000 0.000000 1.000000
0.997432 -0.035069 -0.062443 -0.060000 0.028238 0.993847 -0.107105 30.701799 0.065815 0.105066 0.992285 1.352200 0.000000 0.000000 0.000000 1.000000
0.994654 -0.046043 -0.092427 -0.060000 0.034994 0.992422 -0.117787 30.701799 0.097150 0.113922 0.988728 1.352200 0.000000 0.000000 0.000000 1.000000
0.991266 -0.054303 -0.120181 -0.060000 0.038738 0.990984 -0.128255 30.701799 0.126062 0.122479 0.984432 1.352200 0.000000 0.000000 0.000000 1.000000
0.988205 -0.059309 -0.141182 -0.060000 0.039894 0.989826 -0.136574 30.701799 0.147846 0.129331 0.980518 1.352200 0.000000 0.000000 0.000000 1.000000
0.986460 -0.061378 -0.152086 -0.060000 0.039780 0.989183 -0.141188 30.701799 0.159107 0.133227 0.978231 1.352200 0.000000 0.000000 0.000000 1.000000
0.985442 -0.062456 -0.158122 -0.060000 0.039700 0.988900 -0.143182 30.701799 0.165310 0.134820 0.976983 1.352200 0.000000 0.000000 0.000000 1.000000
0.985081 -0.063193 -0.160071 -0.060000 0.040118 0.988839 -0.143487 30.701799 0.167352 0.134924 0.976621 1.352200 0.000000 0.000000 0.000000 1.000000
0.985346 -0.063356 -0.158366 -0.060000 0.040493 0.988801 -0.143639 30.701799 0.165693 0.135121 0.976877 1.352200 0.000000 0.000000 0.000000 1.000000
0.986008 -0.062910 -0.154374 -0.060000 0.040451 0.988672 -0.144538 30.701799 0.161718 0.136271 0.977383 1.352200 0.000000 0.000000 0.000000 1.000000
0.986837 -0.062316 -0.149228 -0.060000 0.040509 0.988610 -0.144948 30.701799 0.156561 0.136995 0.978121 1.352200 0.000000 0.000000 0.000000 1.000000
0.987871 -0.060415 -0.143039 -0.060000 0.039788 0.988936 -0.142909 30.701799 0.150090 0.135485 0.979345 1.352200 0.000000 0.000000 0.000000 1.000000
0.989250 -0.055081 -0.135463 -0.060000 0.036092 0.989657 -0.138839 30.701799 0.141709 0.132458 0.981006 1.352200 0.000000 0.000000 0.000000 1.000000
0.990836 -0.048517 -0.126057 -0.060000 0.031297 0.990330 -0.135154 30.701799 0.131395 0.129971 0.982773 1.352200 0.000000 0.000000 0.000000 1.000000
0.992427 -0.044358 -0.114550 -0.060000 0.028939 0.990704 -0.132921 30.701799 0.119381 0.128599 0.984485 1.352200 0.000000 0.000000 0.000000 1.000000
0.993987 -0.040875 -0.101580 -0.060000 0.027475 0.991136 -0.129980 30.701799 0.105992 0.126407 0.986300 1.352200 0.000000 0.000000 0.000000 1.000000
0.995480 -0.035186 -0.088215 -0.060000 0.023979 0.991864 -0.125025 30.701799 0.091897 0.122345 0.988224 1.352200 0.000000 0.000000 0.000000 1.000000
0.996813 -0.027446 -0.074908 -0.060000 0.018392 0.992726 -0.118979 30.701799 0.077629 0.117222 0.990067 1.352200 0.000000 0.000000 0.000000 1.000000
0.997889 -0.019636 -0.061904 -0.060000 0.012575 0.993577 -0.112459 30.701799 0.063715 0.111443 0.991726 1.352200 0.000000 0.000000 0.000000 1.000000
0.998692 -0.012463 -0.049579 -0.060000 0.007140 0.994327 -0.106125 30.701799 0.050620 0.105632 0.993116 1.352200 0.000000 0.000000 0.000000 1.000000
0.999249 -0.006329 -0.038237 -0.060000 0.002413 0.994821 -0.101612 30.701799 0.038682 0.101443 0.994089 1.352200 0.000000 0.000000 0.000000 1.000000
0.999603 -0.001944 -0.028092 -0.060000 -0.000856 0.995053 -0.099340 30.701799 0.028146 0.099325 0.994657 1.352200 0.000000 0.000000 0.000000 1.000000
0.999813 0.000756 -0.019348 -0.060000 -0.002653 0.995162 -0.098215 30.701799 0.019181 0.098248 0.994977 1.352200 0.000000 0.000000 0.000000 1.000000
0.999923 0.001222 -0.012310 -0.060000 -0.002426 0.995161 -0.098229 30.701799 0.012130 0.098251 0.995088 1.352200 0.000000 0.000000 0.000000 1.000000
0.999973 -0.000940 -0.007277 -0.060000 0.000210 0.995032 -0.099560 30.701799 0.007335 0.099556 0.995005 1.352200 0.000000 0.000000 0.000000 1.000000
0.999985 -0.004407 -0.003331 -0.060000 0.004051 0.994958 -0.100211 30.701799 0.003756 0.100196 0.994961 1.352200 0.000000 0.000000 0.000000 1.000000
0.999968 -0.007936 -0.001378 -0.060000 0.007762 0.995152 -0.098040 30.701799 0.002150 0.098026 0.995182 1.352200 0.000000 0.000000 0.000000 1.000000</float_array><technique_common><accessor source="#mixamorig_Neck-Matrix-animation-output-transform-array" count="29" stride="16"><param type="float4x4"/></accessor></technique_common></source><source id="mixamorig_Neck-Interpolations"><Name_array id="mixamorig_Neck-Interpolations-array" count="29">
 LINEAR LINEAR LINEAR LINEAR LINEAR LINEAR LINEAR LINEAR LINEAR LINEAR LINEAR
LINEAR LINEAR LINEAR LINEAR LINEAR LINEAR LINEAR LINEAR LINEAR LINEAR LINEAR LINEAR
LINEAR LINEAR LINEAR LINEAR LINEAR LINEAR</Name_array><technique_common><accessor source="#mixamorig_Neck-Interpolations-array" count="29"><param type="name"/></accessor></technique_common></source><sampler id="mixamorig_Neck-Matrix-animation-transform"><input semantic="INPUT" source="#mixamorig_Neck-Matrix-animation-input"/><input semantic="OUTPUT" source="#mixamorig_Neck-Matrix-animation-output-transform"/><input semantic="INTERPOLATION" source="#mixamorig_Neck-Interpolations"/></sampler><channel source="#mixamorig_Neck-Matrix-animation-transform" target="mixamorig_Neck/matrix"/></animation>
    <animation id="mixamorig_Head-anim" name="mixamorig_Head"><source id="mixamorig_Head-Matrix-animation-input"><float_array id="mixamorig_Head-Matrix-animation-input-array" count="29">

0.000000 0.033333 0.066667 0.100000 0.133333 0.166667 0.200000 0.233333 0.266667 0.300000 0.333333 0.366667 0.400000 0.433333 0.466667 0.500000
0.533333 0.566667 0.600000 0.633333 0.666667 0.700000 0.733333 0.766667 0.800000 0.833333 0.866667 0.900000 0.933333</float_array><technique_common><accessor source="#mixamorig_Head-Matrix-animation-input-array" count="29"><param name="TIME" type="float"/></accessor></technique_common></source><source id="mixamorig_Head-Matrix-animation-output-transform"><float_array id="mixamorig_Head-Matrix-animation-output-transform-array" count="464">

0.999711 0.001406 0.024009 -0.087200 -0.004554 0.991295 0.131584 22.547600 -0.023615 -0.131656 0.991014 3.670900 0.000000 0.000000 0.000000 1.000000
0.999888 -0.007847 -0.012750 -0.087200 0.009530 0.990415 0.137798 22.547600 0.011547 -0.137904 0.990378 3.670900 0.000000 0.000000 0.000000 1.000000
0.997258 -0.022344 -0.070547 -0.087200 0.031691 0.990434 0.134298 22.547600 0.066872 -0.136165 0.988427 3.670900 0.000000 0.000000 0.000000 1.000000
0.989387 -0.039681 -0.139783 -0.087200 0.056901 0.990967 0.121439 22.547600 0.133702 -0.128104 0.982707 3.670900 0.000000 0.000000 0.000000 1.000000
0.975599 -0.056545 -0.212155 -0.087200 0.078594 0.992179 0.096972 22.547600 0.205012 -0.111279 0.972413 3.670900 0.000000 0.000000 0.000000 1.000000
0.957218 -0.072721 -0.280082 -0.087200 0.094192 0.993497 0.063962 22.547600 0.273609 -0.087607 0.957843 3.670900 0.000000 0.000000 0.000000 1.000000
0.938109 -0.087651 -0.335064 -0.087200 0.104466 0.993999 0.032457 22.547600 0.330209 -0.065451 0.941636 3.670900 0.000000 0.000000 0.000000 1.000000
0.923383 -0.100209 -0.370570 -0.087200 0.112367 0.993602 0.011307 22.547600 0.367066 -0.052081 0.928736 3.670900 0.000000 0.000000 0.000000 1.000000
0.911480 -0.112705 -0.395602 -0.087200 0.121292 0.992611 -0.003329 22.547600 0.393055 -0.044949 0.918416 3.670900 0.000000 0.000000 0.000000 1.000000
0.904115 -0.123746 -0.408978 -0.087200 0.130256 0.991408 -0.012020 22.547600 0.406951 -0.042404 0.912465 3.670900 0.000000 0.000000 0.000000 1.000000
0.901638 -0.131852 -0.411903 -0.087200 0.137430 0.990379 -0.016196 22.547600 0.410076 -0.042005 0.911084 3.670900 0.000000 0.000000 0.000000 1.000000
0.901593 -0.137520 -0.410143 -0.087200 0.142413 0.989630 -0.018764 22.547600 0.408470 -0.041492 0.911828 3.670900 0.000000 0.000000 0.000000 1.000000
0.902232 -0.141021 -0.407541 -0.087200 0.145368 0.989166 -0.020458 22.547600 0.406011 -0.040785 0.912958 3.670900 0.000000 0.000000 0.000000 1.000000
0.903404 -0.142861 -0.404292 -0.087200 0.147026 0.988912 -0.020908 22.547600 0.402796 -0.040553 0.914391 3.670900 0.000000 0.000000 0.000000 1.000000
0.904824 -0.144551 -0.400498 -0.087200 0.149352 0.988594 -0.019390 22.547600 0.398733 -0.042271 0.916092 3.670900 0.000000 0.000000 0.000000 1.000000
0.907598 -0.147680 -0.393009 -0.087200 0.154649 0.987869 -0.014071 22.547600 0.390319 -0.048008 0.919427 3.670900 0.000000 0.000000 0.000000 1.000000
0.914375 -0.150754 -0.375754 -0.087200 0.160793 0.986977 -0.004699 22.547600 0.371569 -0.056122 0.926708 3.670900 0.000000 0.000000 0.000000 1.000000
0.925841 -0.146969 -0.348164 -0.087200 0.159322 0.987202 0.006946 22.547600 0.342687 -0.061901 0.937408 3.670900 0.000000 0.000000 0.000000 1.000000
0.939771 -0.133089 -0.314831 -0.087200 0.146231 0.989080 0.018383 22.547600 0.308946 -0.063314 0.948970 3.670900 0.000000 0.000000 0.000000 1.000000
0.953302 -0.114606 -0.279428 -0.087200 0.127943 0.991331 0.029904 22.547600 0.273578 -0.064258 0.959701 3.670900 0.000000 0.000000 0.000000 1.000000
0.965299 -0.095560 -0.243034 -0.087200 0.109894 0.992874 0.046093 22.547600 0.236898 -0.071202 0.968922 3.670900 0.000000 0.000000 0.000000 1.000000
0.975604 -0.076096 -0.205928 -0.087200 0.091533 0.993580 0.066490 22.547600 0.199546 -0.083717 0.976306 3.670900 0.000000 0.000000 0.000000 1.000000
0.983974 -0.057985 -0.168618 -0.087200 0.073124 0.993694 0.085003 22.547600 0.162626 -0.095971 0.982009 3.670900 0.000000 0.000000 0.000000 1.000000
0.990460 -0.042554 -0.131064 -0.087200 0.055725 0.993573 0.098528 22.547600 0.126028 -0.104891 0.986466 3.670900 0.000000 0.000000 0.000000 1.000000
0.995143 -0.029815 -0.093819 -0.087200 0.039935 0.993359 0.107905 22.547600 0.089978 -0.111128 0.989724 3.670900 0.000000 0.000000 0.000000 1.000000
0.998111 -0.020732 -0.057833 -0.087200 0.027249 0.993076 0.114268 22.547600 0.055064 -0.115628 0.991765 3.670900 0.000000 0.000000 0.000000 1.000000
0.999603 -0.014256 -0.024310 -0.087200 0.017049 0.992767 0.118844 22.547600 0.022440 -0.119211 0.992615 3.670900 0.000000 0.000000 0.000000 1.000000
0.999962 -0.006764 0.005558 -0.087200 0.006016 0.992141 0.124982 22.547600 -0.006360 -0.124944 0.992143 3.670900 0.000000 0.000000 0.000000 1.000000
0.999711 0.001406 0.024009 -0.087200 -0.004554 0.991295 0.131584 22.547600 -0.023615 -0.131656 0.991014 3.670900 0.000000 0.000000 0.000000 1.000000</float_array><technique_common><accessor source="#mixamorig_Head-Matrix-animation-output-transform-array" count="29" stride="16"><param type="float4x4"/></accessor></technique_common></source><source id="mixamorig_Head-Interpolations"><Name_array id="mixamorig_Head-Interpolations-array" count="29">
 LINEAR LINEAR LINEAR LINEAR LINEAR LINEAR LINEAR LINEAR LINEAR LINEAR LINEAR
LINEAR LINEAR LINEAR LINEAR LINEAR LINEAR LINEAR LINEAR LINEAR LINEAR LINEAR LINEAR
LINEAR LINEAR LINEAR LINEAR LINEAR LINEAR</Name_array><technique_common><accessor source="#mixamorig_Head-Interpolations-array" count="29"><param type="name"/></accessor></technique_common></source><sampler id="mixamorig_Head-Matrix-animation-transform"><input semantic="INPUT" source="#mixamorig_Head-Matrix-animation-input"/><input semantic="OUTPUT" source="#mixamorig_Head-Matrix-animation-output-transform"/><input semantic="INTERPOLATION" source="#mixamorig_Head-Interpolations"/></sampler><channel source="#mixamorig_Head-Matrix-animation-transform" target="mixamorig_Head/matrix"/></animation>
    <animation id="mixamorig_LeftShoulder-anim" name="mixamorig_LeftShoulder"><source id="mixamorig_LeftShoulder-Matrix-animation-input"><float_array id="mixamorig_LeftShoulder-Matrix-animation-input-array" count="29">

0.000000 0.033333 0.066667 0.100000 0.133333 0.166667 0.200000 0.233333 0.266667 0.300000 0.333333 0.366667 0.400000 0.433333 0.466667 0.500000
0.533333 0.566667 0.600000 0.633333 0.666667 0.700000 0.733333 0.766667 0.800000 0.833333 0.866667 0.900000 0.933333</float_array><technique_common><accessor source="#mixamorig_LeftShoulder-Matrix-animation-input-array" count="29"><param name="TIME" type="float"/></accessor></technique_common></source><source id="mixamorig_LeftShoulder-Matrix-animation-output-transform"><float_array id="mixamorig_LeftShoulder-Matrix-animation-output-transform-array" count="464">

0.933291 0.197796 -0.299741 11.924900 -0.212664 0.976969 -0.017473 18.230499 0.289382 0.080052 0.953860 1.425400 0.000000 0.000000 0.000000 1.000000
0.933811 0.193773 -0.300747 11.924900 -0.208833 0.977778 -0.018434 18.230499 0.290492 0.080019 0.953526 1.425400 0.000000 0.000000 0.000000 1.000000
0.934475 0.189660 -0.301306 11.924900 -0.204880 0.978594 -0.019432 18.230499 0.291171 0.079891 0.953329 1.425400 0.000000 0.000000 0.000000 1.000000
0.935262 0.186702 -0.300712 11.924900 -0.201959 0.979186 -0.020179 18.230499 0.290685 0.079604 0.953502 1.425400 0.000000 0.000000 0.000000 1.000000
0.936073 0.185084 -0.299185 11.924900 -0.200265 0.979525 -0.020616 18.230499 0.289243 0.079215 0.953972 1.425400 0.000000 0.000000 0.000000 1.000000
0.936496 0.185022 -0.297895 11.924900 -0.200103 0.979557 -0.020665 18.230499 0.287981 0.078962 0.954375 1.425400 0.000000 0.000000 0.000000 1.000000
0.936558 0.185977 -0.297106 11.924900 -0.200969 0.979384 -0.020453 18.230499 0.287177 0.078864 0.954625 1.425400 0.000000 0.000000 0.000000 1.000000
0.936652 0.187098 -0.296103 11.924900 -0.201981 0.979181 -0.020205 18.230499 0.286158 0.078732 0.954942 1.425400 0.000000 0.000000 0.000000 1.000000
0.937039 0.188588 -0.293927 11.924900 -0.203258 0.978923 -0.019896 18.230499 0.283980 0.078386 0.955621 1.425400 0.000000 0.000000 0.000000 1.000000
0.937949 0.190518 -0.289748 11.924900 -0.204809 0.978607 -0.019528 18.230499 0.279829 0.077660 0.956904 1.425400 0.000000 0.000000 0.000000 1.000000
