<?xml version="1.0" encoding="utf-8"?>
<COLLADA xmlns="http://www.collada.org/2005/11/COLLADASchema" version="1.4.1">
  <asset><contributor><author>Mixamo</author><authoring_tool>COLLADA Mixamo exporter</authoring_tool><comments></comments></contributor><created>2018-10-08T13:35:56Z</created><modified>2018-10-08T13:35:56Z</modified><revision></revision><title></title><unit meter="0.010000"/><up_axis>Y_UP</up_axis></asset>
  <library_animations>
    <animation id="mixamorig_Hips-anim" name="mixamorig_Hips"><source id="mixamorig_Hips-Matrix-animation-input"><float_array id="mixamorig_Hips-Matrix-animation-input-array" count="343">

0.000000 0.033333 0.066667 0.100000 0.133333 0.166667 0.200000 0.233333 0.266667 0.300000 0.333333 0.366667 0.400000 0.433333 0.466667 0.500000
0.533333 0.566667 0.600000 0.633333 0.666667 0.700000 0.733333 0.766667 0.800000 0.833333 0.866667 0.900000 0.933333 0.966667 1.000000 1.033333
1.066667 1.100000 1.133333 1.166667 1.200000 1.233333 1.266667 1.300000 1.333333 1.366667 1.400000 1.433333 1.466667 1.500000 1.533333 1.566667
1.600000 1.633333 1.666667 1.700000 1.733333 1.766667 1.800000 1.833333 1.866667 1.900000 1.933333 1.966667 2.000000 2.033333 2.066667 2.100000
2.133333 2.166667 2.200000 2.233333 2.266667 2.300000 2.333333 2.366667 2.400000 2.433333 2.466667 2.500000 2.533333 2.566667 2.600000 2.633333
2.666667 2.700000 2.733333 2.766667 2.800000 2.833333 2.866667 2.900000 2.933333 2.966667 3.000000 3.033333 3.066667 3.100000 3.133333 3.166667
3.200000 3.233333 3.266667 3.300000 3.333333 3.366667 3.400000 3.433333 3.466667 3.500000 3.533333 3.566667 3.600000 3.633333 3.666667 3.700000
3.733333 3.766667 3.800000 3.833333 3.866667 3.900000 3.933333 3.966667 4.000000 4.033333 4.066667 4.100000 4.133333 4.166667 4.200000 4.233333
4.266667 4.300000 4.333333 4.366667 4.400000 4.433333 4.466667 4.500000 4.533333 4.566667 4.600000 4.633333 4.666667 4.700000 4.733333 4.766667
4.800000 4.833333 4.866667 4.900000 4.933333 4.966667 5.000000 5.033333 5.066667 5.100000 5.133333 5.166667 5.200000 5.233333 5.266667 5.300000
5.333333 5.366667 5.400000 5.433333 5.466667 5.500000 5.533333 5.566667 5.600000 5.633333 5.666667 5.700000 5.733333 5.766667 5.800000 5.833333
5.866667 5.900000 5.933333 5.966667 6.000000 6.033333 6.066667 6.100000 6.133333 6.166667 6.200000 6.233333 6.266667 6.300000 6.333333 6.366667
6.400000 6.433333 6.466667 6.500000 6.533333 6.566667 6.600000 6.633333 6.666667 6.700000 6.733333 6.766667 6.800000 6.833333 6.866667 6.900000
6.933333 6.966667 7.000000 7.033333 7.066667 7.100000 7.133333 7.166667 7.200000 7.233333 7.266667 7.300000 7.333333 7.366667 7.400000 7.433333
7.466667 7.500000 7.533333 7.566667 7.600000 7.633333 7.666667 7.700000 7.733333 7.766667 7.800000 7.833333 7.866667 7.900000 7.933333 7.966667
8.000000 8.033333 8.066667 8.100000 8.133333 8.166667 8.200000 8.233333 8.266667 8.300000 8.333333 8.366667 8.400000 8.433333 8.466667 8.500000
8.533333 8.566667 8.600000 8.633333 8.666667 8.700000 8.733333 8.766667 8.800000 8.833333 8.866667 8.900000 8.933333 8.966667 9.000000 9.033333
9.066667 9.100000 9.133333 9.166667 9.200000 9.233333 9.266667 9.300000 9.333333 9.366667 9.400000 9.433333 9.466667 9.500000 9.533333 9.566667
9.600000 9.633333 9.666667 9.700000 9.733333 9.766667 9.800000 9.833333 9.866667 9.900000 9.933333 9.966667 10.000000 10.033333 10.066667 10.100000
10.133333 10.166667 10.200000 10.233333 10.266667 10.300000 10.333333 10.366667 10.400000 10.433333 10.466667 10.500000 10.533333 10.566667 10.600000 10.633333
10.666667 10.700000 10.733333 10.766667 10.800000 10.833333 10.866667 10.900000 10.933333 10.966667 11.000000 11.033333 11.066667 11.100000 11.133333 11.166667
11.200000 11.233333 11.266667 11.300000 11.333333 11.366667 11.400000</float_array><technique_common><accessor source="#mixamorig_Hips-Matrix-animation-input-array" count="343"><param name="TIME" type="float"/></accessor></technique_common></source><source id="mixamorig_Hips-Matrix-animation-output-transform"><float_array id="mixamorig_Hips-Matrix-animation-output-transform-array" count="5488">

0.999217 0.012860 -0.037426 9.463085 -0.038102 0.057116 -0.997640 19.093674 -0.010692 0.998285 0.057561 5.348758 0.000000 0.000000 0.000000 1.000000
0.999241 0.012264 -0.036965 9.476041 -0.037620 0.058331 -0.997588 19.099730 -0.010078 0.998222 0.058749 5.364424 0.000000 0.000000 0.000000 1.000000
0.999261 0.011635 -0.036623 9.483562 -0.037244 0.058681 -0.997582 19.103470 -0.009457 0.998209 0.059071 5.378367 0.000000 0.000000 0.000000 1.000000
0.999274 0.011106 -0.036437 9.482755 -0.037024 0.058272 -0.997614 19.104797 -0.008956 0.998239 0.058641 5.393605 0.000000 0.000000 0.000000 1.000000
0.999278 0.010746 -0.036432 9.475904 -0.036990 0.057349 -0.997669 19.107986 -0.008631 0.998296 0.057705 5.410450 0.000000 0.000000 0.000000 1.000000
0.999274 0.010606 -0.036597 9.466103 -0.037137 0.056233 -0.997727 19.115776 -0.008524 0.998361 0.056586 5.428701 0.000000 0.000000 0.000000 1.000000
0.999263 0.010693 -0.036873 9.454482 -0.037408 0.055175 -0.997776 19.127914 -0.008635 0.998419 0.055534 5.449179 0.000000 0.000000 0.000000 1.000000
0.999249 0.010927 -0.037182 9.442607 -0.037722 0.054248 -0.997815 19.142300 -0.008887 0.998468 0.054619 5.471871 0.000000 0.000000 0.000000 1.000000
0.999234 0.011168 -0.037502 9.433408 -0.038046 0.053347 -0.997851 19.158224 -0.009143 0.998514 0.053731 5.494630 0.000000 0.000000 0.000000 1.000000
0.999220 0.011285 -0.037846 9.429160 -0.038387 0.052352 -0.997891 19.177910 -0.009280 0.998565 0.052744 5.514714 0.000000 0.000000 0.000000 1.000000
0.999208 0.011243 -0.038167 9.429868 -0.038696 0.051377 -0.997929 19.203663 -0.009259 0.998616 0.051772 5.531893 0.000000 0.000000 0.000000 1.000000
0.999203 0.011113 -0.038335 9.433825 -0.038851 0.050660 -0.997960 19.233387 -0.009148 0.998654 0.051051 5.548340 0.000000 0.000000 0.000000 1.000000
0.999207 0.011051 -0.038255 9.437487 -0.038764 0.050195 -0.997987 19.263546 -0.009109 0.998678 0.050584 5.566024 0.000000 0.000000 0.000000 1.000000
0.999215 0.011264 -0.037981 9.437163 -0.038496 0.049758 -0.998019 19.294033 -0.009352 0.998698 0.050153 5.583852 0.000000 0.000000 0.000000 1.000000
0.999222 0.011878 -0.037619 9.429915 -0.038159 0.049072 -0.998066 19.324177 -0.010009 0.998725 0.049487 5.600441 0.000000 0.000000 0.000000 1.000000
0.999227 0.012695 -0.037206 9.424552 -0.037774 0.047941 -0.998136 19.351997 -0.010888 0.998770 0.048383 5.614088 0.000000 0.000000 0.000000 1.000000
0.999238 0.013231 -0.036725 9.424013 -0.037301 0.046340 -0.998229 19.373619 -0.011506 0.998838 0.046798 5.625896 0.000000 0.000000 0.000000 1.000000
0.999257 0.013293 -0.036174 9.428832 -0.036732 0.044521 -0.998333 19.387417 -0.011661 0.998920 0.044976 5.637621 0.000000 0.000000 0.000000 1.000000
0.999281 0.013371 -0.035466 9.434117 -0.036009 0.042844 -0.998433 19.392059 -0.011831 0.998992 0.043294 5.653267 0.000000 0.000000 0.000000 1.000000
0.999308 0.014038 -0.034458 9.435255 -0.035014 0.041495 -0.998525 19.391212 -0.012587 0.999040 0.041958 5.674583 0.000000 0.000000 0.000000 1.000000
0.999333 0.015002 -0.033305 9.428839 -0.033888 0.040477 -0.998606 19.395205 -0.013633 0.999068 0.040959 5.698980 0.000000 0.000000 0.000000 1.000000
0.999358 0.015352 -0.032356 9.410206 -0.032942 0.039580 -0.998673 19.410822 -0.014051 0.999098 0.040060 5.722666 0.000000 0.000000 0.000000 1.000000
0.999391 0.014631 -0.031685 9.376069 -0.032224 0.038241 -0.998749 19.433563 -0.013401 0.999161 0.038689 5.744433 0.000000 0.000000 0.000000 1.000000
0.999431 0.013160 -0.031062 9.329629 -0.031518 0.035941 -0.998857 19.459618 -0.012029 0.999267 0.036335 5.765591 0.000000 0.000000 0.000000 1.000000
0.999476 0.011487 -0.030248 9.279489 -0.030612 0.032988 -0.998987 19.494572 -0.010477 0.999390 0.033323 5.789306 0.000000 0.000000 0.000000 1.000000
0.999526 0.009984 -0.029110 9.230170 -0.029403 0.030553 -0.999101 19.540731 -0.009086 0.999483 0.030832 5.821282 0.000000 0.000000 0.000000 1.000000
0.999580 0.008813 -0.027606 9.176341 -0.027855 0.029427 -0.999179 19.587076 -0.007993 0.999528 0.029660 5.864067 0.000000 0.000000 0.000000 1.000000
0.999637 0.007668 -0.025836 9.112790 -0.026049 0.029136 -0.999236 19.623970 -0.006909 0.999546 0.029325 5.910216 0.000000 0.000000 0.000000 1.000000
0.999695 0.005838 -0.023978 9.044734 -0.024135 0.028528 -0.999302 19.658142 -0.005150 0.999576 0.028660 5.945743 0.000000 0.000000 0.000000 1.000000
0.999750 0.003165 -0.022136 8.976929 -0.022214 0.027193 -0.999383 19.702547 -0.002561 0.999625 0.027257 5.967080 0.000000 0.000000 0.000000 1.000000
0.999794 0.000616 -0.020267 8.896771 -0.020276 0.026126 -0.999453 19.747375 -0.000086 0.999658 0.026133 5.989981 0.000000 0.000000 0.000000 1.000000
0.999833 -0.000684 -0.018276 8.787860 -0.018251 0.026685 -0.999477 19.777878 0.001171 0.999644 0.026668 6.035431 0.000000 0.000000 0.000000 1.000000
0.999869 -0.000954 -0.016163 8.659257 -0.016128 0.028940 -0.999451 19.787960 0.001421 0.999581 0.028921 6.112212 0.000000 0.000000 0.000000 1.000000
0.999900 -0.001618 -0.014024 8.537602 -0.013965 0.031768 -0.999398 19.780424 0.002063 0.999494 0.031742 6.215313 0.000000 0.000000 0.000000 1.000000
0.999924 -0.003205 -0.011888 8.375285 -0.011772 0.034125 -0.999348 19.773960 0.003609 0.999412 0.034084 6.106123 0.000000 0.000000 0.000000 1.000000
0.999942 -0.005071 -0.009532 8.196488 -0.009343 0.036077 -0.999305 19.757971 0.005412 0.999336 0.036027 5.951887 0.000000 0.000000 0.000000 1.000000
0.999957 -0.006163 -0.006888 8.000219 -0.006651 0.037799 -0.999263 19.745411 0.006419 0.999266 0.037757 5.777142 0.000000 0.000000 0.000000 1.000000
0.999971 -0.006397 -0.004193 7.816773 -0.003935 0.039815 -0.999199 19.731693 0.006559 0.999187 0.039789 5.626104 0.000000 0.000000 0.000000 1.000000
0.999977 -0.006429 -0.001922 7.675371 -0.001646 0.042652 -0.999089 19.698009 0.006505 0.999069 0.042641 5.527370 0.000000 0.000000 0.000000 1.000000
0.999978 -0.006582 -0.000590 7.581093 -0.000290 0.045462 -0.998966 19.643078 0.006602 0.998944 0.045459 5.476452 0.000000 0.000000 0.000000 1.000000
0.999977 -0.006773 -0.000420 7.514380 -0.000105 0.046343 -0.998926 19.596043 0.006785 0.998903 0.046342 5.458204 0.000000 0.000000 0.000000 1.000000
0.999976 -0.006897 -0.001099 7.456919 -0.000791 0.044529 -0.999008 19.589409 0.006939 0.998984 0.044523 5.465942 0.000000 0.000000 0.000000 1.000000
0.999974 -0.006870 -0.002061 7.410897 -0.001776 0.041265 -0.999147 19.626629 0.006949 0.999125 0.041252 5.492248 0.000000 0.000000 0.000000 1.000000
0.999975 -0.006442 -0.003000 7.388641 -0.002750 0.038456 -0.999256 19.681599 0.006553 0.999240 0.038438 5.525287 0.000000 0.000000 0.000000 1.000000
0.999978 -0.005386 -0.003943 7.390992 -0.003740 0.037132 -0.999303 19.725792 0.005529 0.999296 0.037111 5.555775 0.000000 0.000000 0.000000 1.000000
0.999980 -0.003743 -0.005011 7.401321 -0.004869 0.037120 -0.999299 19.748871 0.003927 0.999304 0.037101 5.582632 0.000000 0.000000 0.000000 1.000000
0.999979 -0.001660 -0.006263 7.398320 -0.006196 0.037702 -0.999270 19.752060 0.001895 0.999288 0.037690 5.612586 0.000000 0.000000 0.000000 1.000000
0.999971 0.000646 -0.007604 7.369727 -0.007624 0.038556 -0.999227 19.736635 -0.000352 0.999256 0.038560 5.653625 0.000000 0.000000 0.000000 1.000000
0.999957 0.002817 -0.008841 7.316466 -0.008946 0.039895 -0.999164 19.708906 -0.002462 0.999200 0.039918 5.704939 0.000000 0.000000 0.000000 1.000000
0.999941 0.004622 -0.009874 7.252078 -0.010057 0.041497 -0.999088 19.683569 -0.004208 0.999128 0.041541 5.756910 0.000000 0.000000 0.000000 1.000000
0.999925 0.006069 -0.010674 7.198564 -0.010923 0.042635 -0.999031 19.672100 -0.005608 0.999072 0.042699 5.802545 0.000000 0.000000 0.000000 1.000000
0.999913 0.007119 -0.011134 7.176823 -0.011431 0.043150 -0.999003 19.674473 -0.006632 0.999043 0.043228 5.844925 0.000000 0.000000 0.000000 1.000000
0.999908 0.007567 -0.011239 7.197197 -0.011559 0.043625 -0.998981 19.684132 -0.007069 0.999019 0.043709 5.890161 0.000000 0.000000 0.000000 1.000000
0.999910 0.007379 -0.011237 7.256938 -0.011555 0.044580 -0.998939 19.697596 -0.006870 0.998979 0.044661 5.934134 0.000000 0.000000 0.000000 1.000000
0.999911 0.006918 -0.011445 7.344452 -0.011751 0.046011 -0.998872 19.717289 -0.006383 0.998917 0.046088 5.964109 0.000000 0.000000 0.000000 1.000000
0.999907 0.006620 -0.011943 7.446476 -0.012246 0.047776 -0.998783 19.743446 -0.006041 0.998836 0.047853 5.974339 0.000000 0.000000 0.000000 1.000000
0.999899 0.006622 -0.012557 7.551864 -0.012873 0.049970 -0.998668 19.765762 -0.005986 0.998729 0.050051 5.972810 0.000000 0.000000 0.000000 1.000000
0.999890 0.006970 -0.013096 7.650239 -0.013446 0.052753 -0.998517 19.769880 -0.006268 0.998583 0.052841 5.973673 0.000000 0.000000 0.000000 1.000000
0.999879 0.007869 -0.013402 7.731963 -0.013823 0.056140 -0.998327 19.748423 -0.007104 0.998392 0.056242 5.984718 0.000000 0.000000 0.000000 1.000000
0.999867 0.009354 -0.013388 7.792157 -0.013924 0.059772 -0.998115 19.703812 -0.008536 0.998168 0.059894 6.002156 0.000000 0.000000 0.000000 1.000000
0.999852 0.011005 -0.013209 7.835818 -0.013873 0.062605 -0.997942 19.648018 -0.010155 0.997978 0.062749 6.017200 0.000000 0.000000 0.000000 1.000000
0.999837 0.012350 -0.013191 7.875010 -0.013950 0.063527 -0.997883 19.601009 -0.011486 0.997904 0.063688 6.027099 0.000000 0.000000 0.000000 1.000000
0.999819 0.013265 -0.013658 7.920099 -0.014460 0.062327 -0.997951 19.580357 -0.012387 0.997968 0.062507 6.038746 0.000000 0.000000 0.000000 1.000000
0.999794 0.013849 -0.014846 7.973337 -0.015647 0.059638 -0.998097 19.589123 -0.012937 0.998124 0.059842 6.060622 0.000000 0.000000 0.000000 1.000000
0.999758 0.014293 -0.016698 8.028725 -0.017477 0.056209 -0.998266 19.615143 -0.013330 0.998317 0.056445 6.091311 0.000000 0.000000 0.000000 1.000000
0.999714 0.014822 -0.018770 8.079816 -0.019529 0.052866 -0.998411 19.638868 -0.013807 0.998492 0.053140 6.121690 0.000000 0.000000 0.000000 1.000000
0.999669 0.015476 -0.020543 8.124996 -0.021303 0.050659 -0.998489 19.640455 -0.014412 0.998596 0.050971 6.147857 0.000000 0.000000 0.000000 1.000000
0.999637 0.015984 -0.021672 8.161945 -0.022450 0.050222 -0.998486 19.609932 -0.014872 0.998610 0.050563 6.171828 0.000000 0.000000 0.000000 1.000000
0.999631 0.015969 -0.021971 8.180667 -0.022762 0.051170 -0.998431 19.553429 -0.014820 0.998562 0.051514 6.194315 0.000000 0.000000 0.000000 1.000000
0.999654 0.015233 -0.021458 8.167862 -0.022228 0.052311 -0.998383 19.486071 -0.014086 0.998515 0.052632 6.215163 0.000000 0.000000 0.000000 1.000000
0.999697 0.013790 -0.020393 8.120328 -0.021092 0.052604 -0.998393 19.423004 -0.012695 0.998520 0.052878 6.237129 0.000000 0.000000 0.000000 1.000000
0.999749 0.011761 -0.019077 8.050241 -0.019665 0.052102 -0.998448 19.376141 -0.010749 0.998572 0.052320 6.262579 0.000000 0.000000 0.000000 1.000000
0.999801 0.009392 -0.017577 7.975087 -0.018044 0.052188 -0.998474 19.351295 -0.008461 0.998593 0.052348 6.291108 0.000000 0.000000 0.000000 1.000000
0.999852 0.007019 -0.015718 7.904775 -0.016078 0.054475 -0.998386 19.349358 -0.006152 0.998490 0.054580 6.321855 0.000000 0.000000 0.000000 1.000000
0.999898 0.004884 -0.013395 7.840941 -0.013660 0.059030 -0.998163 19.378868 -0.004085 0.998244 0.059090 6.348523 0.000000 0.000000 0.000000 1.000000
0.999938 0.002997 -0.010702 7.785851 -0.010873 0.064463 -0.997861 19.452999 -0.002301 0.997916 0.064492 6.359204 0.000000 0.000000 0.000000 1.000000
0.999970 0.001202 -0.007674 7.741313 -0.007740 0.070363 -0.997491 19.558170 -0.000659 0.997521 0.070370 6.350483 0.000000 0.000000 0.000000 1.000000
0.999991 -0.000500 -0.004123 7.696563 -0.004072 0.078049 -0.996941 19.653856 0.000820 0.996949 0.078046 6.328432 0.000000 0.000000 0.000000 1.000000
0.999999 -0.001585 0.000029 7.634741 0.000168 0.087535 -0.996161 19.718624 0.001576 0.996160 0.087535 6.298904 0.000000 0.000000 0.000000 1.000000
0.999989 -0.001635 0.004299 7.548761 0.004437 0.095897 -0.995381 19.768867 0.001216 0.995390 0.095904 6.256006 0.000000 0.000000 0.000000 1.000000
0.999969 -0.001083 0.007836 7.457356 0.007906 0.100823 -0.994873 19.829899 0.000288 0.994904 0.100828 6.202465 0.000000 0.000000 0.000000 1.000000
0.999948 -0.000799 0.010139 7.392943 0.010167 0.103882 -0.994538 19.893332 -0.000259 0.994589 0.103885 6.162724 0.000000 0.000000 0.000000 1.000000
0.999934 -0.000868 0.011444 7.377404 0.011471 0.108249 -0.994058 19.940607 -0.000376 0.994123 0.108252 6.153596 0.000000 0.000000 0.000000 1.000000
0.999923 -0.000918 0.012346 7.399297 0.012370 0.114306 -0.993369 19.980808 -0.000499 0.993445 0.114309 6.175570 0.000000 0.000000 0.000000 1.000000
0.999911 -0.000881 0.013300 7.437037 0.013310 0.119389 -0.992758 20.045361 -0.000713 0.992847 0.119390 6.205805 0.000000 0.000000 0.000000 1.000000
0.999898 -0.001058 0.014258 7.467343 0.014281 0.121387 -0.992502 20.149731 -0.000681 0.992605 0.121390 6.224120 0.000000 0.000000 0.000000 1.000000
0.999892 -0.001447 0.014656 7.472992 0.014724 0.121158 -0.992524 20.278694 -0.000339 0.992632 0.121166 6.226394 0.000000 0.000000 0.000000 1.000000
0.999901 -0.001683 0.013977 7.459342 0.014077 0.121024 -0.992550 20.410995 -0.000021 0.992648 0.121036 6.221855 0.000000 0.000000 0.000000 1.000000
0.999922 -0.001589 0.012413 7.453447 0.012514 0.122201 -0.992427 20.541149 0.000060 0.992504 0.122211 6.226863 0.000000 0.000000 0.000000 1.000000
0.999942 -0.001360 0.010701 7.476552 0.010787 0.124578 -0.992151 20.673412 0.000016 0.992209 0.124585 6.251816 0.000000 0.000000 0.000000 1.000000
0.999954 -0.001278 0.009500 7.524395 0.009586 0.127862 -0.991746 20.809019 0.000053 0.991791 0.127868 6.290669 0.000000 0.000000 0.000000 1.000000
0.999957 -0.001655 0.009103 7.575343 0.009242 0.131699 -0.991247 20.945774 0.000442 0.991288 0.131709 6.325588 0.000000 0.000000 0.000000 1.000000
0.999951 -0.002867 0.009479 7.608792 0.009779 0.135189 -0.990772 21.079708 0.001559 0.990816 0.135210 6.343657 0.000000 0.000000 0.000000 1.000000
0.999933 -0.004988 0.010478 7.616583 0.011064 0.137352 -0.990461 21.205765 0.003501 0.990510 0.137398 6.344822 0.000000 0.000000 0.000000 1.000000
0.999900 -0.007305 0.012144 7.599431 0.013036 0.138014 -0.990344 21.324097 0.005559 0.990403 0.138096 6.337134 0.000000 0.000000 0.000000 1.000000
0.999854 -0.008897 0.014621 7.555093 0.015709 0.137801 -0.990335 21.438908 0.006796 0.990420 0.137920 6.327923 0.000000 0.000000 0.000000 1.000000
0.999798 -0.009824 0.017506 7.475506 0.018690 0.137266 -0.990358 21.547413 0.007327 0.990485 0.137422 6.321013 0.000000 0.000000 0.000000 1.000000
0.999743 -0.010889 0.019895 7.360655 0.021193 0.136148 -0.990462 21.643423 0.008077 0.990629 0.136344 6.317299 0.000000 0.000000 0.000000 1.000000
0.999689 -0.012352 0.021667 7.225488 0.023128 0.133938 -0.990720 21.739199 0.009335 0.990913 0.134182 6.319273 0.000000 0.000000 0.000000 1.000000
0.999613 -0.013813 0.024141 7.092029 0.025750 0.131514 -0.990980 21.874268 0.010513 0.991218 0.131819 6.334644 0.000000 0.000000 0.000000 1.000000
0.999476 -0.015165 0.028605 6.963403 0.030351 0.131262 -0.990883 22.085693 0.011272 0.991232 0.131654 6.376718 0.000000 0.000000 0.000000 1.000000
0.999255 -0.016735 0.034774 6.826818 0.036716 0.134801 -0.990192 22.372818 0.011883 0.990731 0.135315 6.449946 0.000000 0.000000 0.000000 1.000000
0.998967 -0.018834 0.041355 6.673770 0.043620 0.142290 -0.988863 22.685326 0.012740 0.989646 0.142965 6.540480 0.000000 0.000000 0.000000 1.000000
0.998642 -0.021735 0.047358 6.529159 0.050136 0.153159 -0.986929 22.959921 0.014197 0.987962 0.154041 6.630484 0.000000 0.000000 0.000000 1.000000
0.998293 -0.025073 0.052747 6.427097 0.056177 0.165299 -0.984642 23.194304 0.015969 0.985925 0.166425 6.707955 0.000000 0.000000 0.000000 1.000000
0.997922 -0.027187 0.058421 6.347022 0.062307 0.175900 -0.982434 23.445457 0.016433 0.984033 0.177228 6.767962 0.000000 0.000000 0.000000 1.000000
0.997510 -0.026540 0.065343 6.230947 0.069124 0.184021 -0.980489 23.747169 0.013997 0.982564 0.185397 6.805416 0.000000 0.000000 0.000000 1.000000
0.997037 -0.023751 0.073161 6.060003 0.076352 0.190323 -0.978748 24.082487 0.009322 0.981434 0.191572 6.819906 0.000000 0.000000 0.000000 1.000000
0.996573 -0.020666 0.080093 5.867663 0.082590 0.195233 -0.977273 24.428217 0.004560 0.980539 0.196271 6.816045 0.000000 0.000000 0.000000 1.000000
0.996261 -0.018498 0.084395 5.696638 0.086389 0.198635 -0.976259 24.787706 0.001295 0.979899 0.199490 6.800383 0.000000 0.000000 0.000000 1.000000
0.996164 -0.017600 0.085723 5.578443 0.087511 0.200994 -0.975676 25.170755 -0.000057 0.979434 0.201763 6.784633 0.000000 0.000000 0.000000 1.000000
0.996208 -0.017892 0.085147 5.532223 0.087006 0.204126 -0.975071 25.554184 0.000065 0.978781 0.204908 6.786123 0.000000 0.000000 0.000000 1.000000
0.996288 -0.019201 0.083910 5.552926 0.086072 0.210061 -0.973892 25.881863 0.001074 0.977500 0.210934 6.817272 0.000000 0.000000 0.000000 1.000000
0.996353 -0.021489 0.082577 5.611282 0.085280 0.218786 -0.972039 26.115751 0.002822 0.975536 0.219820 6.872132 0.000000 0.000000 0.000000 1.000000
0.996366 -0.024262 0.081648 5.684058 0.085035 0.228042 -0.969931 26.278742 0.004914 0.973349 0.229276 6.929396 0.000000 0.000000 0.000000 1.000000
0.996285 -0.026332 0.081998 5.776037 0.085904 0.236038 -0.967939 26.422934 0.006133 0.971387 0.237424 6.969964 0.000000 0.000000 0.000000 1.000000
0.996105 -0.026772 0.084007 5.906868 0.088003 0.243380 -0.965931 26.578217 0.005415 0.969562 0.244788 6.985634 0.000000 0.000000 0.000000 1.000000
0.995874 -0.025628 0.087056 6.080526 0.090706 0.251414 -0.963620 26.754002 0.002809 0.967540 0.252701 6.975878 0.000000 0.000000 0.000000 1.000000
0.995630 -0.023600 0.090357 6.281086 0.093385 0.259252 -0.961284 26.965103 -0.000739 0.965521 0.260323 6.944735 0.000000 0.000000 0.000000 1.000000
0.995394 -0.021619 0.093395 6.498749 0.095785 0.263995 -0.959756 27.218473 -0.003907 0.964282 0.264850 6.901971 0.000000 0.000000 0.000000 1.000000
0.995176 -0.020596 0.095921 6.731425 0.097947 0.264460 -0.959410 27.490265 -0.005607 0.964177 0.265201 6.861597 0.000000 0.000000 0.000000 1.000000
0.994956 -0.020975 0.098091 6.965781 0.100149 0.262869 -0.959620 27.743591 -0.005657 0.964604 0.263644 6.833317 0.000000 0.000000 0.000000 1.000000
0.994725 -0.022579 0.100059 7.189157 0.102473 0.262107 -0.959583 27.957695 -0.004559 0.964775 0.263038 6.817655 0.000000 0.000000 0.000000 1.000000
0.994532 -0.024891 0.101421 7.408504 0.104394 0.262806 -0.959184 28.126244 -0.002779 0.964528 0.263968 6.809936 0.000000 0.000000 0.000000 1.000000
0.994468 -0.027182 0.101459 7.632859 0.105035 0.264190 -0.958734 28.252840 -0.000744 0.964088 0.265583 6.806233 0.000000 0.000000 0.000000 1.000000
0.994600 -0.028553 0.099781 7.843789 0.103783 0.266110 -0.958339 28.357889 0.000810 0.963520 0.267636 6.803747 0.000000 0.000000 0.000000 1.000000
0.994940 -0.028525 0.096335 8.004868 0.100459 0.268570 -0.958008 28.465519 0.001455 0.962838 0.270076 6.790528 0.000000 0.000000 0.000000 1.000000
0.995412 -0.027638 0.091608 8.096211 0.095672 0.270809 -0.957867 28.586693 0.001666 0.962236 0.272211 6.740454 0.000000 0.000000 0.000000 1.000000
0.995835 -0.026857 0.087123 8.133563 0.091146 0.272215 -0.957910 28.727213 0.002011 0.961862 0.273529 6.635804 0.000000 0.000000 0.000000 1.000000
0.996058 -0.026480 0.084658 8.152687 0.088674 0.273160 -0.957873 28.907776 0.002240 0.961604 0.274431 6.513809 0.000000 0.000000 0.000000 1.000000
0.996086 -0.026406 0.084353 8.169803 0.088363 0.274245 -0.957592 29.168653 0.002153 0.961297 0.275505 6.442439 0.000000 0.000000 0.000000 1.000000
0.996050 -0.026928 0.084609 8.180865 0.088759 0.276418 -0.956930 29.541782 0.002381 0.960660 0.277717 6.463162 0.000000 0.000000 0.000000 1.000000
0.996031 -0.028460 0.084332 8.188497 0.088939 0.281899 -0.955313 30.031023 0.003415 0.959022 0.283311 6.551848 0.000000 0.000000 0.000000 1.000000
0.995967 -0.030252 0.084465 8.221259 0.089621 0.291470 -0.952372 30.629084 0.004192 0.956101 0.293006 6.650924 0.000000 0.000000 0.000000 1.000000
0.995776 -0.030840 0.086485 8.314134 0.091765 0.301981 -0.948887 31.352932 0.003147 0.952815 0.303535 6.738435 0.000000 0.000000 0.000000 1.000000
0.995480 -0.029802 0.090174 8.446128 0.094971 0.310393 -0.945852 32.255066 0.000199 0.950141 0.311820 6.826700 0.000000 0.000000 0.000000 1.000000
0.995178 -0.027608 0.094122 8.516322 0.098012 0.317623 -0.943138 33.410278 -0.003857 0.947815 0.318797 6.883067 0.000000 0.000000 0.000000 1.000000
0.994902 -0.024473 0.097830 8.445673 0.100455 0.325723 -0.940113 34.832199 -0.008858 0.945148 0.326521 6.835507 0.000000 0.000000 0.000000 1.000000
0.994493 -0.020455 0.102792 8.285102 0.103694 0.334593 -0.936640 36.377243 -0.015234 0.942141 0.334871 6.671137 0.000000 0.000000 0.000000 1.000000
0.993751 -0.016372 0.110416 8.136714 0.109330 0.342270 -0.933219 37.827106 -0.022513 0.939459 0.341921 6.434919 0.000000 0.000000 0.000000 1.000000
0.992831 -0.013445 0.118765 8.020507 0.116015 0.347387 -0.930517 39.095131 -0.028746 0.937625 0.346457 6.170439 0.000000 0.000000 0.000000 1.000000
0.992218 -0.012210 0.123911 7.876078 0.120282 0.351169 -0.928554 40.266628 -0.032176 0.936232 0.349905 5.888073 0.000000 0.000000 0.000000 1.000000
0.992044 -0.012137 0.125305 7.705782 0.121445 0.354454 -0.927153 41.447105 -0.033162 0.934995 0.353108 5.572360 0.000000 0.000000 0.000000 1.000000
0.991911 -0.012767 0.126295 7.601791 0.122589 0.354568 -0.926959 42.669979 -0.032946 0.934943 0.353265 5.220893 0.000000 0.000000 0.000000 1.000000
0.991525 -0.013567 0.129209 7.595848 0.125725 0.350855 -0.927951 43.941338 -0.032744 0.936331 0.349587 4.832167 0.000000 0.000000 0.000000 1.000000
0.991192 -0.012828 0.131808 7.556330 0.127924 0.350181 -0.927905 45.265663 -0.034253 0.936594 0.348738 4.438077 0.000000 0.000000 0.000000 1.000000
0.991437 -0.008692 0.130293 7.347588 0.124705 0.359001 -0.924969 46.641445 -0.038735 0.933297 0.357011 4.087366 0.000000 0.000000 0.000000 1.000000
0.992232 -0.002043 0.124387 6.984159 0.116184 0.372625 -0.920680 48.099461 -0.044469 0.927980 0.369968 3.767361 0.000000 0.000000 0.000000 1.000000
0.993072 0.003440 0.117459 6.550383 0.107316 0.380659 -0.918467 49.679146 -0.047871 0.924709 0.377652 3.397508 0.000000 0.000000 0.000000 1.000000
0.993520 0.004886 0.113552 6.105699 0.103156 0.380657 -0.918944 51.355026 -0.047715 0.924703 0.377687 2.926181 0.000000 0.000000 0.000000 1.000000
0.993439 0.002685 0.114335 5.667055 0.104786 0.379162 -0.919378 53.039665 -0.045820 0.925327 0.376392 2.408643 0.000000 0.000000 0.000000 1.000000
0.992984 -0.000839 0.118250 5.196132 0.109669 0.380570 -0.918226 54.667625 -0.044232 0.924752 0.377992 1.951414 0.000000 0.000000 0.000000 1.000000
0.992362 -0.003268 0.123320 4.634585 0.115189 0.382368 -0.916802 56.222469 -0.044158 0.924004 0.379824 1.578936 0.000000 0.000000 0.000000 1.000000
0.991527 -0.003081 0.129865 3.949682 0.121186 0.381962 -0.916198 57.675392 -0.046781 0.924173 0.379099 1.248528 0.000000 0.000000 0.000000 1.000000
0.990281 -0.000402 0.139083 3.141472 0.128746 0.380960 -0.915584 59.011559 -0.052617 0.924592 0.377309 0.962903 0.000000 0.000000 0.000000 1.000000
0.988694 0.002966 0.149919 2.230156 0.137483 0.381181 -0.914221 60.287231 -0.059857 0.924496 0.376463 0.792529 0.000000 0.000000 0.000000 1.000000
0.987139 0.005302 0.159779 1.242267 0.145703 0.381444 -0.912837 61.630287 -0.065787 0.924377 0.375765 0.771311 0.000000 0.000000 0.000000 1.000000
0.985741 0.006424 0.168146 0.186837 0.153161 0.379567 -0.912398 63.159378 -0.069684 0.925142 0.373171 0.848646 0.000000 0.000000 0.000000 1.000000
0.984081 0.006957 0.177586 -0.949944 0.162084 0.374738 -0.912853 64.929657 -0.072899 0.927105 0.367645 0.951851 0.000000 0.000000 0.000000 1.000000
0.981105 0.007672 0.193323 -2.137878 0.176692 0.371540 -0.911448 67.015488 -0.078820 0.928385 0.363164 0.826674 0.000000 0.000000 0.000000 1.000000
0.976763 0.007758 0.214184 -3.394094 0.196719 0.364202 -0.910307 69.388016 -0.085068 0.931288 0.354213 0.636831 0.000000 0.000000 0.000000 1.000000
0.970763 0.006948 0.239941 -4.707272 0.222061 0.353590 -0.908660 72.103455 -0.091154 0.935375 0.341709 0.546334 0.000000 0.000000 0.000000 1.000000
0.962529 0.003429 0.271156 -6.098360 0.253621 0.342558 -0.904616 75.103264 -0.095989 0.939490 0.328853 0.712209 0.000000 0.000000 0.000000 1.000000
0.950774 -0.003598 0.309866 -7.623067 0.293537 0.330964 -0.896827 78.346710 -0.099327 0.943637 0.315728 1.114031 0.000000 0.000000 0.000000 1.000000
0.933412 -0.010944 0.358638 -9.311253 0.343526 0.315836 -0.884442 81.777725 -0.103592 0.948751 0.298565 1.577715 0.000000 0.000000 0.000000 1.000000
0.909337 -0.014406 0.415812 -10.969251 0.400949 0.297248 -0.866535 85.213104 -0.111116 0.954692 0.276075 1.782771 0.000000 0.000000 0.000000 1.000000
0.881194 -0.014773 0.472524 -12.211312 0.457027 0.282285 -0.843470 88.448051 -0.120925 0.959217 0.255500 1.540240 0.000000 0.000000 0.000000 1.000000
0.855489 -0.018298 0.517497 -13.073136 0.501530 0.277982 -0.819264 91.752632 -0.128864 0.960412 0.246988 1.222642 0.000000 0.000000 0.000000 1.000000
0.837778 -0.029490 0.545215 -13.881253 0.529873 0.284890 -0.798794 95.395195 -0.131770 0.958106 0.254301 0.893216 0.000000 0.000000 0.000000 1.000000
0.829204 -0.044585 0.557165 -14.624094 0.543408 0.297702 -0.784909 99.002930 -0.130874 0.953617 0.271083 0.284902 0.000000 0.000000 0.000000 1.000000
0.828727 -0.056090 0.556834 -15.041876 0.544738 0.309008 -0.779598 101.949661 -0.128339 0.949404 0.286638 -0.521784 0.000000 0.000000 0.000000 1.000000
0.833156 -0.062649 0.549479 -14.851603 0.538838 0.315664 -0.781031 103.733368 -0.124520 0.946800 0.296755 -1.159912 0.000000 0.000000 0.000000 1.000000
0.841763 -0.067049 0.535668 -14.251595 0.526533 0.320985 -0.787231 104.577438 -0.119158 0.944708 0.305496 -1.459312 0.000000 0.000000 0.000000 1.000000
0.851191 -0.073094 0.519741 -13.563212 0.512748 0.327282 -0.793710 105.075775 -0.112087 0.942095 0.316058 -1.538529 0.000000 0.000000 0.000000 1.000000
0.857576 -0.081377 0.507879 -12.929094 0.503666 0.333128 -0.797086 105.626419 -0.104324 0.939363 0.326669 -1.552259 0.000000 0.000000 0.000000 1.000000
0.860679 -0.089198 0.501273 -12.482973 0.499793 0.335873 -0.798371 106.182076 -0.097151 0.937674 0.333659 -1.515416 0.000000 0.000000 0.000000 1.000000
0.862392 -0.093706 0.497493 -12.216198 0.498005 0.333577 -0.800448 106.677361 -0.090946 0.938054 0.334340 -1.470760 0.000000 0.000000 0.000000 1.000000
0.864669 -0.093990 0.493471 -11.994287 0.495110 0.325544 -0.805536 107.142921 -0.084934 0.940844 0.328023 -1.470776 0.000000 0.000000 0.000000 1.000000
0.868191 -0.091628 0.487698 -11.732273 0.489964 0.313979 -0.813235 107.638512 -0.078612 0.944998 0.317489 -1.501815 0.000000 0.000000 0.000000 1.000000
0.872427 -0.089348 0.480508 -11.449983 0.483324 0.303731 -0.821063 108.158806 -0.072584 0.948559 0.308168 -1.500237 0.000000 0.000000 0.000000 1.000000
0.876450 -0.089058 0.473185 -11.171648 0.476737 0.298287 -0.826890 108.645485 -0.067504 0.950312 0.303891 -1.439087 0.000000 0.000000 0.000000 1.000000
0.880034 -0.091742 0.465964 -10.896004 0.470802 0.297299 -0.830637 109.026474 -0.062326 0.950367 0.304826 -1.354458 0.000000 0.000000 0.000000 1.000000
0.883061 -0.096433 0.459244 -10.632318 0.465755 0.299496 -0.832691 109.300270 -0.057243 0.949212 0.309388 -1.316561 0.000000 0.000000 0.000000 1.000000
0.885889 -0.101595 0.452636 -10.401983 0.460915 0.303226 -0.834033 109.505569 -0.052517 0.947488 0.315451 -1.347719 0.000000 0.000000 0.000000 1.000000
0.888776 -0.106772 0.445733 -10.179676 0.455872 0.306776 -0.835506 109.696594 -0.047531 0.945774 0.321329 -1.402146 0.000000 0.000000 0.000000 1.000000
0.891276 -0.112877 0.439188 -9.905653 0.451567 0.309382 -0.836881 109.925529 -0.041412 0.944215 0.326716 -1.437072 0.000000 0.000000 0.000000 1.000000
0.892813 -0.120732 0.433945 -9.546753 0.449140 0.311412 -0.837434 110.242996 -0.034031 0.942574 0.332259 -1.459434 0.000000 0.000000 0.000000 1.000000
0.893456 -0.129656 0.430030 -9.112411 0.448401 0.312791 -0.837316 110.741402 -0.025946 0.940931 0.337603 -1.496318 0.000000 0.000000 0.000000 1.000000
0.893949 -0.137305 0.426617 -8.610565 0.447814 0.311516 -0.838105 111.571220 -0.017822 0.940269 0.339967 -1.550524 0.000000 0.000000 0.000000 1.000000
0.895207 -0.141003 0.422755 -8.020117 0.445524 0.305728 -0.841451 112.855560 -0.010601 0.941620 0.336510 -1.580115 0.000000 0.000000 0.000000 1.000000
0.897753 -0.140121 0.417619 -7.320889 0.440470 0.296415 -0.847422 114.614929 -0.005047 0.944725 0.327826 -1.528678 0.000000 0.000000 0.000000 1.000000
0.901464 -0.136777 0.410676 -6.517359 0.432854 0.285493 -0.855062 116.797180 -0.000292 0.948570 0.316566 -1.394959 0.000000 0.000000 0.000000 1.000000
0.905851 -0.133176 0.402117 -5.630725 0.423564 0.273081 -0.863724 119.298538 0.005216 0.952728 0.303780 -1.247530 0.000000 0.000000 0.000000 1.000000
0.910579 -0.129516 0.392520 -4.684709 0.413174 0.258627 -0.873155 121.943756 0.011571 0.957255 0.289013 -1.147362 0.000000 0.000000 0.000000 1.000000
0.915365 -0.125534 0.382555 -3.691013 0.402234 0.243218 -0.882640 124.530777 0.017757 0.961814 0.273127 -1.102180 0.000000 0.000000 0.000000 1.000000
0.919359 -0.122228 0.373950 -2.623305 0.392764 0.230343 -0.890325 126.927643 0.022686 0.965403 0.259775 -1.091141 0.000000 0.000000 0.000000 1.000000
0.921715 -0.121330 0.368404 -1.435281 0.386993 0.223888 -0.894489 129.134247 0.026047 0.967033 0.253315 -1.121535 0.000000 0.000000 0.000000 1.000000
0.922802 -0.123831 0.364833 -0.138466 0.384167 0.223960 -0.895688 131.286865 0.029206 0.966700 0.254242 -1.269977 0.000000 0.000000 0.000000 1.000000
0.923598 -0.127909 0.361394 1.208244 0.381979 0.227051 -0.895846 133.582489 0.032532 0.965447 0.258562 -1.606194 0.000000 0.000000 0.000000 1.000000
0.924939 -0.129629 0.357330 2.551639 0.378548 0.228819 -0.896852 136.215363 0.034494 0.964800 0.260714 -2.086536 0.000000 0.000000 0.000000 1.000000
0.927458 -0.126862 0.351751 3.905631 0.372347 0.226897 -0.899931 139.131058 0.034356 0.965621 0.257674 -2.588955 0.000000 0.000000 0.000000 1.000000
0.931275 -0.120372 0.343856 5.295208 0.362867 0.222363 -0.904921 142.238739 0.032467 0.967505 0.250760 -3.147657 0.000000 0.000000 0.000000 1.000000
0.936420 -0.110941 0.332881 6.735851 0.349723 0.218082 -0.911117 145.334808 0.028485 0.969604 0.243015 -3.954080 0.000000 0.000000 0.000000 1.000000
0.943195 -0.098715 0.317235 8.162172 0.331478 0.214996 -0.918640 148.251221 0.022479 0.971613 0.235505 -5.165122 0.000000 0.000000 0.000000 1.000000
0.951063 -0.086236 0.296721 9.416250 0.308587 0.215570 -0.926447 151.097473 0.015929 0.972673 0.231631 -6.690012 0.000000 0.000000 0.000000 1.000000
0.958736 -0.076416 0.273837 10.378498 0.284148 0.226095 -0.931741 154.156876 0.009287 0.971103 0.238479 -8.174114 0.000000 0.000000 0.000000 1.000000
0.965715 -0.068076 0.250518 11.036460 0.259596 0.246255 -0.933793 157.597473 0.001878 0.966811 0.255484 -9.384057 0.000000 0.000000 0.000000 1.000000
0.972330 -0.058321 0.226213 11.426195 0.233542 0.266099 -0.935227 161.442856 -0.005652 0.962180 0.272357 -10.490338 0.000000 0.000000 0.000000 1.000000
0.978725 -0.046388 0.199862 11.531554 0.204812 0.278761 -0.938267 165.403091 -0.012190 0.959239 0.282331 -11.984030 0.000000 0.000000 0.000000 1.000000
0.984723 -0.033089 0.170956 11.401119 0.173208 0.286993 -0.942143 169.402939 -0.017888 0.957361 0.288340 -13.810243 0.000000 0.000000 0.000000 1.000000
0.990010 -0.018307 0.139805 11.058204 0.138938 0.295591 -0.945157 173.372910 -0.024022 0.955139 0.295182 -15.686617 0.000000 0.000000 0.000000 1.000000
0.994114 -0.001572 0.108331 10.447320 0.103589 0.306704 -0.946151 177.092560 -0.031738 0.951804 0.305061 -17.554396 0.000000 0.000000 0.000000 1.000000
0.996679 0.015883 0.079868 9.401249 0.070473 0.323168 -0.943714 180.258743 -0.040800 0.946208 0.320976 -19.483643 0.000000 0.000000 0.000000 1.000000
0.997820 0.032023 0.057706 7.673103 0.042961 0.348566 -0.936299 182.469116 -0.050097 0.936737 0.346431 -21.438759 0.000000 0.000000 0.000000 1.000000
0.997854 0.046840 0.045752 5.138556 0.024288 0.384118 -0.922965 183.388626 -0.060806 0.922095 0.382156 -23.221760 0.000000 0.000000 0.000000 1.000000
0.996880 0.062211 0.048579 1.923795 0.017218 0.429244 -0.903025 182.935471 -0.077030 0.901044 0.426833 -24.585184 0.000000 0.000000 0.000000 1.000000
0.994519 0.077490 0.070191 -1.728012 0.024135 0.483062 -0.875254 181.211914 -0.101730 0.872151 0.478544 -25.409067 0.000000 0.000000 0.000000 1.000000
0.989945 0.088425 0.110407 -5.417336 0.045250 0.541546 -0.839452 178.728073 -0.134019 0.836008 0.532100 -25.691607 0.000000 0.000000 0.000000 1.000000
0.983286 0.094514 0.155616 -8.869363 0.069352 0.595845 -0.800100 176.437958 -0.168343 0.797519 0.579331 -25.577032 0.000000 0.000000 0.000000 1.000000
0.976564 0.098085 0.191578 -11.906158 0.085986 0.638193 -0.765059 175.115631 -0.197305 0.763602 0.614803 -25.212919 0.000000 0.000000 0.000000 1.000000
0.972276 0.100051 0.211351 -14.331462 0.091789 0.667999 -0.738479 175.199402 -0.215068 0.737405 0.640296 -24.754370 0.000000 0.000000 0.000000 1.000000
0.971034 0.098507 0.217693 -16.011732 0.090879 0.690341 -0.717753 176.472214 -0.220986 0.716746 0.661392 -24.343048 0.000000 0.000000 0.000000 1.000000
0.971735 0.092556 0.217175 -17.001965 0.088269 0.710766 -0.697868 178.302551 -0.218953 0.697313 0.682506 -24.058334 0.000000 0.000000 0.000000 1.000000
0.972864 0.084208 0.215511 -17.496754 0.086334 0.732044 -0.675765 180.093307 -0.214668 0.676034 0.704909 -23.923096 0.000000 0.000000 0.000000 1.000000
0.973458 0.076103 0.215842 -17.681053 0.085406 0.754172 -0.651099 181.552124 -0.212332 0.652252 0.727655 -23.937410 0.000000 0.000000 0.000000 1.000000
0.973370 0.068593 0.218739 -17.644159 0.085745 0.775986 -0.624895 182.642807 -0.212601 0.627009 0.749440 -24.073307 0.000000 0.000000 0.000000 1.000000
0.972927 0.060185 0.223140 -17.393238 0.087904 0.796566 -0.598127 183.408340 -0.213744 0.601549 0.769710 -24.275349 0.000000 0.000000 0.000000 1.000000
0.972665 0.050122 0.226740 -16.925150 0.091274 0.815315 -0.571778 183.903763 -0.213523 0.576844 0.788454 -24.466934 0.000000 0.000000 0.000000 1.000000
0.973170 0.039352 0.226696 -16.283510 0.093653 0.832207 -0.546499 184.234467 -0.210164 0.553067 0.806194 -24.577993 0.000000 0.000000 0.000000 1.000000
0.974651 0.029429 0.221788 -15.538496 0.093235 0.847708 -0.522206 184.525681 -0.203379 0.529647 0.823475 -24.599319 0.000000 0.000000 0.000000 1.000000
0.976776 0.020741 0.213258 -14.727205 0.090698 0.861710 -0.499230 184.849716 -0.194121 0.506978 0.839816 -24.527973 0.000000 0.000000 0.000000 1.000000
0.979015 0.012024 0.203432 -13.842652 0.088367 0.874476 -0.476951 185.240204 -0.183631 0.484919 0.855063 -24.341751 0.000000 0.000000 0.000000 1.000000
0.981036 0.001942 0.193818 -12.878567 0.087653 0.887414 -0.452563 185.721893 -0.172876 0.460969 0.870415 -24.055264 0.000000 0.000000 0.000000 1.000000
0.982801 -0.009541 0.184420 -11.858408 0.088194 0.901663 -0.423351 186.313828 -0.162245 0.432335 0.886997 -23.707520 0.000000 0.000000 0.000000 1.000000
0.984414 -0.020853 0.174626 -10.825810 0.088620 0.916485 -0.390131 187.007477 -0.151907 0.399525 0.904049 -23.294893 0.000000 0.000000 0.000000 1.000000
0.985911 -0.029374 0.164671 -9.821704 0.087584 0.929374 -0.358599 187.731171 -0.142508 0.367969 0.918853 -22.780146 0.000000 0.000000 0.000000 1.000000
0.987516 -0.034920 0.153601 -8.879692 0.084759 0.939715 -0.331289 188.417633 -0.132772 0.340172 0.930943 -22.216980 0.000000 0.000000 0.000000 1.000000
0.989221 -0.038930 0.141159 -7.996807 0.080976 0.948634 -0.305839 189.049789 -0.122002 0.313973 0.941561 -21.660759 0.000000 0.000000 0.000000 1.000000
0.990866 -0.042628 0.127933 -7.159153 0.077299 0.956930 -0.279839 189.633972 -0.110494 0.287172 0.951485 -21.070883 0.000000 0.000000 0.000000 1.000000
0.992367 -0.046112 0.114374 -6.368986 0.074022 0.964529 -0.253388 190.192673 -0.098633 0.259920 0.960580 -20.361696 0.000000 0.000000 0.000000 1.000000
